  9.765625000000000E-004   964.141122731605     
  1.953125000000000E-003   649.618723003287     
  2.929687500000000E-003  -526.441210024768     
  3.906250000000000E-003  -1004.32412713302     
  4.882812500000000E-003  -150.252005871457     
  5.859375000000000E-003   903.087374673176     
  6.835937500000000E-003   758.733952379480     
  7.812500000000000E-003  -391.867834711531     
  8.789062500000000E-003  -1022.76654714967     
  9.765625000000000E-003  -297.251509535907     
  1.074218750000000E-002   822.484512213333     
  1.171875000000000E-002   851.424883009750     
  1.269531250000000E-002  -248.811704190048     
  1.367187500000000E-002  -1019.06916010346     
  1.464843750000000E-002  -437.816415697525     
  1.562500000000000E-002   724.077343909364     
  1.660156250000000E-002   925.685036166033     
  1.757812500000000E-002  -100.369551666670     
  1.855468750000000E-002  -993.312003258088     
  1.953125000000000E-002  -568.903918634029     
  2.050781250000000E-002   609.996087772333     
  2.148437500000000E-002   979.906903792927     
  2.246093750000000E-002   50.2452985413137     
  2.343750000000000E-002  -946.052641274464     
  2.441406250000000E-002  -687.676369781867     
  2.539062500000000E-002   482.710258480249     
  2.636718750000000E-002   1012.91674620253     
  2.734375000000000E-002   199.772489773141     
  2.832031250000000E-002  -878.314096619586     
  2.929687500000000E-002  -791.562704258126     
  3.027343750000000E-002   344.975209843047     
  3.125000000000000E-002   1023.99999999408     
  3.222656250000000E-002   344.975209900227     
  3.320312500000000E-002  -791.562704219599     
  3.417968750000000E-002  -878.314096650808     
  3.515625000000000E-002   199.772489713578     
  3.613281250000000E-002   1012.91674619362     
  3.710937500000000E-002   482.710258533808     
  3.808593750000000E-002  -687.676369736869     
  3.906250000000000E-002  -946.052641297704     
  4.003906250000000E-002   50.2452984806569     
  4.101562500000000E-002   979.906903775298     
  4.199218750000000E-002   609.996087821112     
  4.296875000000000E-002  -568.903918583533     
  4.394531250000000E-002  -993.312003272844     
  4.492187500000000E-002  -100.369551727108     
  4.589843750000000E-002   925.685036140067     
  4.687500000000000E-002   724.077343952307     
  4.785156250000000E-002  -437.816415642626     
  4.882812500000000E-002  -1019.06916010941     
  4.980468750000000E-002  -248.811704248958     
  5.078125000000000E-002   851.424882976010     
  5.175781250000000E-002   822.484512249510     
  5.273437500000000E-002  -297.251509477792     
  5.371093750000000E-002  -1022.76654714669     
  5.468750000000000E-002  -391.867834767638     
  5.566406250000000E-002   758.733952338696     
  5.664062500000000E-002   903.087374701804     
  5.761718750000000E-002  -150.252005811385     
  5.859375000000000E-002  -1004.32412712117     
  5.957031250000000E-002  -526.441210076858     
  6.054687500000000E-002   649.618722956342     
  6.152343750000000E-002   964.141122752065     
  6.250000000000000E-002  3.036504381270788E-008
  6.347656250000000E-002  -964.141122731605     
  6.445312500000000E-002  -649.618723003287     
  6.542968750000000E-002   526.441210024768     
  6.640625000000000E-002   1004.32412713302     
  6.738281250000000E-002   150.252005871457     
  6.835937500000000E-002  -903.087374673176     
  6.933593750000000E-002  -758.733952379480     
  7.031250000000000E-002   391.867834711531     
  7.128906250000000E-002   1022.76654714967     
  7.226562500000000E-002   297.251509535907     
  7.324218750000000E-002  -822.484512213333     
  7.421875000000000E-002  -851.424883009750     
  7.519531250000000E-002   248.811704190048     
  7.617187500000000E-002   1019.06916010346     
  7.714843750000000E-002   437.816415697525     
  7.812500000000000E-002  -724.077343909364     
  7.910156250000000E-002  -925.685036166033     
  8.007812500000000E-002   100.369551666670     
  8.105468750000000E-002   993.312003258088     
  8.203125000000000E-002   568.903918634029     
  8.300781250000000E-002  -609.996087772333     
  8.398437500000000E-002  -979.906903792927     
  8.496093750000000E-002  -50.2452985413137     
  8.593750000000000E-002   946.052641274464     
  8.691406250000000E-002   687.676369781867     
  8.789062500000000E-002  -482.710258480249     
  8.886718750000000E-002  -1012.91674620253     
  8.984375000000000E-002  -199.772489773141     
  9.082031250000000E-002   878.314096619586     
  9.179687500000000E-002   791.562704258126     
  9.277343750000000E-002  -344.975209843047     
  9.375000000000000E-002  -1023.99999999408     
  9.472656250000000E-002  -344.975209900227     
  9.570312500000000E-002   791.562704219599     
  9.667968750000000E-002   878.314096650808     
  9.765625000000000E-002  -199.772489713578     
  9.863281250000000E-002  -1012.91674619362     
  9.960937500000000E-002  -482.710258533808     
  0.100585937500000        687.676369736869     
  0.101562500000000        946.052641297704     
  0.102539062500000       -50.2452984806569     
  0.103515625000000       -979.906903775298     
  0.104492187500000       -609.996087821112     
  0.105468750000000        568.903918583533     
  0.106445312500000        993.312003272844     
  0.107421875000000        100.369551727108     
  0.108398437500000       -925.685036140067     
  0.109375000000000       -724.077343952307     
  0.110351562500000        437.816415642626     
  0.111328125000000        1019.06916010941     
  0.112304687500000        248.811704248958     
  0.113281250000000       -851.424882976010     
  0.114257812500000       -822.484512249510     
  0.115234375000000        297.251509477792     
  0.116210937500000        1022.76654714669     
  0.117187500000000        391.867834767638     
  0.118164062500000       -758.733952338696     
  0.119140625000000       -903.087374701804     
  0.120117187500000        150.252005811385     
  0.121093750000000        1004.32412712117     
  0.122070312500000        526.441210076858     
  0.123046875000000       -649.618722956342     
  0.124023437500000       -964.141122752065     
  0.125000000000000      -3.036504381270788E-008
  0.125976562500000        964.141122731605     
  0.126953125000000        649.618723003287     
  0.127929687500000       -526.441210024768     
  0.128906250000000       -1004.32412713302     
  0.129882812500000       -150.252005871457     
  0.130859375000000        903.087374673176     
  0.131835937500000        758.733952379480     
  0.132812500000000       -391.867834711531     
  0.133789062500000       -1022.76654714967     
  0.134765625000000       -297.251509535907     
  0.135742187500000        822.484512213333     
  0.136718750000000        851.424883009750     
  0.137695312500000       -248.811704190048     
  0.138671875000000       -1019.06916010346     
  0.139648437500000       -437.816415697525     
  0.140625000000000        724.077343909364     
  0.141601562500000        925.685036166033     
  0.142578125000000       -100.369551666670     
  0.143554687500000       -993.312003258088     
  0.144531250000000       -568.903918634029     
  0.145507812500000        609.996087772333     
  0.146484375000000        979.906903792927     
  0.147460937500000        50.2452985413137     
  0.148437500000000       -946.052641274464     
  0.149414062500000       -687.676369781867     
  0.150390625000000        482.710258480249     
  0.151367187500000        1012.91674620253     
  0.152343750000000        199.772489773141     
  0.153320312500000       -878.314096619586     
  0.154296875000000       -791.562704258126     
  0.155273437500000        344.975209843047     
  0.156250000000000        1023.99999999408     
  0.157226562500000        344.975209900227     
  0.158203125000000       -791.562704219599     
  0.159179687500000       -878.314096650808     
  0.160156250000000        199.772489713578     
  0.161132812500000        1012.91674619362     
  0.162109375000000        482.710258533808     
  0.163085937500000       -687.676369736869     
  0.164062500000000       -946.052641297704     
  0.165039062500000        50.2452984806569     
  0.166015625000000        979.906903775298     
  0.166992187500000        609.996087821112     
  0.167968750000000       -568.903918583533     
  0.168945312500000       -993.312003272844     
  0.169921875000000       -100.369551727108     
  0.170898437500000        925.685036140067     
  0.171875000000000        724.077343952307     
  0.172851562500000       -437.816415642626     
  0.173828125000000       -1019.06916010941     
  0.174804687500000       -248.811704248958     
  0.175781250000000        851.424882976010     
  0.176757812500000        822.484512249510     
  0.177734375000000       -297.251509477792     
  0.178710937500000       -1022.76654714669     
  0.179687500000000       -391.867834767638     
  0.180664062500000        758.733952338696     
  0.181640625000000        903.087374701804     
  0.182617187500000       -150.252005811385     
  0.183593750000000       -1004.32412712117     
  0.184570312500000       -526.441210076858     
  0.185546875000000        649.618722956342     
  0.186523437500000        964.141122752065     
  0.187500000000000       3.036504381270788E-008
  0.188476562500000       -964.141122731605     
  0.189453125000000       -649.618723003287     
  0.190429687500000        526.441210024768     
  0.191406250000000        1004.32412713302     
  0.192382812500000        150.252005871457     
  0.193359375000000       -903.087374673176     
  0.194335937500000       -758.733952379480     
  0.195312500000000        391.867834711531     
  0.196289062500000        1022.76654714967     
  0.197265625000000        297.251509535907     
  0.198242187500000       -822.484512213333     
  0.199218750000000       -851.424883009750     
  0.200195312500000        248.811704190048     
  0.201171875000000        1019.06916010346     
  0.202148437500000        437.816415697525     
  0.203125000000000       -724.077343909364     
  0.204101562500000       -925.685036166033     
  0.205078125000000        100.369551666670     
  0.206054687500000        993.312003258088     
  0.207031250000000        568.903918634029     
  0.208007812500000       -609.996087772333     
  0.208984375000000       -979.906903792927     
  0.209960937500000       -50.2452985413137     
  0.210937500000000        946.052641274464     
  0.211914062500000        687.676369781867     
  0.212890625000000       -482.710258480249     
  0.213867187500000       -1012.91674620253     
  0.214843750000000       -199.772489773141     
  0.215820312500000        878.314096619586     
  0.216796875000000        791.562704258126     
  0.217773437500000       -344.975209843047     
  0.218750000000000       -1023.99999999408     
  0.219726562500000       -344.975209900227     
  0.220703125000000        791.562704219599     
  0.221679687500000        878.314096650808     
  0.222656250000000       -199.772489713578     
  0.223632812500000       -1012.91674619362     
  0.224609375000000       -482.710258533808     
  0.225585937500000        687.676369736869     
  0.226562500000000        946.052641297704     
  0.227539062500000       -50.2452984806569     
  0.228515625000000       -979.906903775298     
  0.229492187500000       -609.996087821112     
  0.230468750000000        568.903918583533     
  0.231445312500000        993.312003272844     
  0.232421875000000        100.369551727108     
  0.233398437500000       -925.685036140067     
  0.234375000000000       -724.077343952307     
  0.235351562500000        437.816415642626     
  0.236328125000000        1019.06916010941     
  0.237304687500000        248.811704248958     
  0.238281250000000       -851.424882976010     
  0.239257812500000       -822.484512249510     
  0.240234375000000        297.251509477792     
  0.241210937500000        1022.76654714669     
  0.242187500000000        391.867834767638     
  0.243164062500000       -758.733952338696     
  0.244140625000000       -903.087374701804     
  0.245117187500000        150.252005811385     
  0.246093750000000        1004.32412712117     
  0.247070312500000        526.441210076858     
  0.248046875000000       -649.618722956342     
  0.249023437500000       -964.141122752065     
  0.250000000000000      -3.036504381270788E-008
  0.250976562500000        964.141122731605     
  0.251953125000000        649.618723003287     
  0.252929687500000       -526.441210024768     
  0.253906250000000       -1004.32412713302     
  0.254882812500000       -150.252005871457     
  0.255859375000000        903.087374673176     
  0.256835937500000        758.733952379480     
  0.257812500000000       -391.867834711531     
  0.258789062500000       -1022.76654714967     
  0.259765625000000       -297.251509535907     
  0.260742187500000        822.484512213333     
  0.261718750000000        851.424883009750     
  0.262695312500000       -248.811704190048     
  0.263671875000000       -1019.06916010346     
  0.264648437500000       -437.816415697525     
  0.265625000000000        724.077343909364     
  0.266601562500000        925.685036166033     
  0.267578125000000       -100.369551666670     
  0.268554687500000       -993.312003258088     
  0.269531250000000       -568.903918634029     
  0.270507812500000        609.996087772333     
  0.271484375000000        979.906903792927     
  0.272460937500000        50.2452985413137     
  0.273437500000000       -946.052641274464     
  0.274414062500000       -687.676369781867     
  0.275390625000000        482.710258480249     
  0.276367187500000        1012.91674620253     
  0.277343750000000        199.772489773141     
  0.278320312500000       -878.314096619586     
  0.279296875000000       -791.562704258126     
  0.280273437500000        344.975209843047     
  0.281250000000000        1023.99999999408     
  0.282226562500000        344.975209900227     
  0.283203125000000       -791.562704219599     
  0.284179687500000       -878.314096650808     
  0.285156250000000        199.772489713578     
  0.286132812500000        1012.91674619362     
  0.287109375000000        482.710258533808     
  0.288085937500000       -687.676369736869     
  0.289062500000000       -946.052641297704     
  0.290039062500000        50.2452984806569     
  0.291015625000000        979.906903775298     
  0.291992187500000        609.996087821112     
  0.292968750000000       -568.903918583533     
  0.293945312500000       -993.312003272844     
  0.294921875000000       -100.369551727108     
  0.295898437500000        925.685036140067     
  0.296875000000000        724.077343952307     
  0.297851562500000       -437.816415642626     
  0.298828125000000       -1019.06916010941     
  0.299804687500000       -248.811704248958     
  0.300781250000000        851.424882976010     
  0.301757812500000        822.484512249510     
  0.302734375000000       -297.251509477792     
  0.303710937500000       -1022.76654714669     
  0.304687500000000       -391.867834767638     
  0.305664062500000        758.733952338696     
  0.306640625000000        903.087374701804     
  0.307617187500000       -150.252005811385     
  0.308593750000000       -1004.32412712117     
  0.309570312500000       -526.441210076858     
  0.310546875000000        649.618722956342     
  0.311523437500000        964.141122752065     
  0.312500000000000       3.036504381270788E-008
  0.313476562500000       -964.141122731605     
  0.314453125000000       -649.618723003287     
  0.315429687500000        526.441210024768     
  0.316406250000000        1004.32412713302     
  0.317382812500000        150.252005871457     
  0.318359375000000       -903.087374673176     
  0.319335937500000       -758.733952379480     
  0.320312500000000        391.867834711531     
  0.321289062500000        1022.76654714967     
  0.322265625000000        297.251509535907     
  0.323242187500000       -822.484512213333     
  0.324218750000000       -851.424883009750     
  0.325195312500000        248.811704190048     
  0.326171875000000        1019.06916010346     
  0.327148437500000        437.816415697525     
  0.328125000000000       -724.077343909364     
  0.329101562500000       -925.685036166033     
  0.330078125000000        100.369551666670     
  0.331054687500000        993.312003258088     
  0.332031250000000        568.903918634029     
  0.333007812500000       -609.996087772333     
  0.333984375000000       -979.906903792927     
  0.334960937500000       -50.2452985413137     
  0.335937500000000        946.052641274464     
  0.336914062500000        687.676369781867     
  0.337890625000000       -482.710258480249     
  0.338867187500000       -1012.91674620253     
  0.339843750000000       -199.772489773141     
  0.340820312500000        878.314096619586     
  0.341796875000000        791.562704258126     
  0.342773437500000       -344.975209843047     
  0.343750000000000       -1023.99999999408     
  0.344726562500000       -344.975209900227     
  0.345703125000000        791.562704219599     
  0.346679687500000        878.314096650808     
  0.347656250000000       -199.772489713578     
  0.348632812500000       -1012.91674619362     
  0.349609375000000       -482.710258533808     
  0.350585937500000        687.676369736869     
  0.351562500000000        946.052641297704     
  0.352539062500000       -50.2452984806569     
  0.353515625000000       -979.906903775298     
  0.354492187500000       -609.996087821112     
  0.355468750000000        568.903918583533     
  0.356445312500000        993.312003272844     
  0.357421875000000        100.369551727108     
  0.358398437500000       -925.685036140067     
  0.359375000000000       -724.077343952307     
  0.360351562500000        437.816415642626     
  0.361328125000000        1019.06916010941     
  0.362304687500000        248.811704248958     
  0.363281250000000       -851.424882976010     
  0.364257812500000       -822.484512249510     
  0.365234375000000        297.251509477792     
  0.366210937500000        1022.76654714669     
  0.367187500000000        391.867834767638     
  0.368164062500000       -758.733952338696     
  0.369140625000000       -903.087374701804     
  0.370117187500000        150.252005811385     
  0.371093750000000        1004.32412712117     
  0.372070312500000        526.441210076858     
  0.373046875000000       -649.618722956342     
  0.374023437500000       -964.141122752065     
  0.375000000000000      -3.036504381270788E-008
  0.375976562500000        964.141122731605     
  0.376953125000000        649.618723003287     
  0.377929687500000       -526.441210024768     
  0.378906250000000       -1004.32412713302     
  0.379882812500000       -150.252005871457     
  0.380859375000000        903.087374673176     
  0.381835937500000        758.733952379480     
  0.382812500000000       -391.867834711531     
  0.383789062500000       -1022.76654714967     
  0.384765625000000       -297.251509535907     
  0.385742187500000        822.484512213333     
  0.386718750000000        851.424883009750     
  0.387695312500000       -248.811704190048     
  0.388671875000000       -1019.06916010346     
  0.389648437500000       -437.816415697525     
  0.390625000000000        724.077343909364     
  0.391601562500000        925.685036166033     
  0.392578125000000       -100.369551666670     
  0.393554687500000       -993.312003258088     
  0.394531250000000       -568.903918634029     
  0.395507812500000        609.996087772333     
  0.396484375000000        979.906903792927     
  0.397460937500000        50.2452985413137     
  0.398437500000000       -946.052641274464     
  0.399414062500000       -687.676369781867     
  0.400390625000000        482.710258480249     
  0.401367187500000        1012.91674620253     
  0.402343750000000        199.772489773141     
  0.403320312500000       -878.314096619586     
  0.404296875000000       -791.562704258126     
  0.405273437500000        344.975209843047     
  0.406250000000000        1023.99999999408     
  0.407226562500000        344.975209900227     
  0.408203125000000       -791.562704219599     
  0.409179687500000       -878.314096650808     
  0.410156250000000        199.772489713578     
  0.411132812500000        1012.91674619362     
  0.412109375000000        482.710258533808     
  0.413085937500000       -687.676369736869     
  0.414062500000000       -946.052641297704     
  0.415039062500000        50.2452984806569     
  0.416015625000000        979.906903775298     
  0.416992187500000        609.996087821112     
  0.417968750000000       -568.903918583533     
  0.418945312500000       -993.312003272844     
  0.419921875000000       -100.369551727108     
  0.420898437500000        925.685036140067     
  0.421875000000000        724.077343952307     
  0.422851562500000       -437.816415642626     
  0.423828125000000       -1019.06916010941     
  0.424804687500000       -248.811704248958     
  0.425781250000000        851.424882976010     
  0.426757812500000        822.484512249510     
  0.427734375000000       -297.251509477792     
  0.428710937500000       -1022.76654714669     
  0.429687500000000       -391.867834767638     
  0.430664062500000        758.733952338696     
  0.431640625000000        903.087374701804     
  0.432617187500000       -150.252005811385     
  0.433593750000000       -1004.32412712117     
  0.434570312500000       -526.441210076858     
  0.435546875000000        649.618722956342     
  0.436523437500000        964.141122752065     
  0.437500000000000       3.036504381270788E-008
  0.438476562500000       -964.141122731605     
  0.439453125000000       -649.618723003287     
  0.440429687500000        526.441210024768     
  0.441406250000000        1004.32412713302     
  0.442382812500000        150.252005871457     
  0.443359375000000       -903.087374673176     
  0.444335937500000       -758.733952379480     
  0.445312500000000        391.867834711531     
  0.446289062500000        1022.76654714967     
  0.447265625000000        297.251509535907     
  0.448242187500000       -822.484512213333     
  0.449218750000000       -851.424883009750     
  0.450195312500000        248.811704190048     
  0.451171875000000        1019.06916010346     
  0.452148437500000        437.816415697525     
  0.453125000000000       -724.077343909364     
  0.454101562500000       -925.685036166033     
  0.455078125000000        100.369551666670     
  0.456054687500000        993.312003258088     
  0.457031250000000        568.903918634029     
  0.458007812500000       -609.996087772333     
  0.458984375000000       -979.906903792927     
  0.459960937500000       -50.2452985413137     
  0.460937500000000        946.052641274464     
  0.461914062500000        687.676369781867     
  0.462890625000000       -482.710258480249     
  0.463867187500000       -1012.91674620253     
  0.464843750000000       -199.772489773141     
  0.465820312500000        878.314096619586     
  0.466796875000000        791.562704258126     
  0.467773437500000       -344.975209843047     
  0.468750000000000       -1023.99999999408     
  0.469726562500000       -344.975209900227     
  0.470703125000000        791.562704219599     
  0.471679687500000        878.314096650808     
  0.472656250000000       -199.772489713578     
  0.473632812500000       -1012.91674619362     
  0.474609375000000       -482.710258533808     
  0.475585937500000        687.676369736869     
  0.476562500000000        946.052641297704     
  0.477539062500000       -50.2452984806569     
  0.478515625000000       -979.906903775298     
  0.479492187500000       -609.996087821112     
  0.480468750000000        568.903918583533     
  0.481445312500000        993.312003272844     
  0.482421875000000        100.369551727108     
  0.483398437500000       -925.685036140067     
  0.484375000000000       -724.077343952307     
  0.485351562500000        437.816415642626     
  0.486328125000000        1019.06916010941     
  0.487304687500000        248.811704248958     
  0.488281250000000       -851.424882976010     
  0.489257812500000       -822.484512249510     
  0.490234375000000        297.251509477792     
  0.491210937500000        1022.76654714669     
  0.492187500000000        391.867834767638     
  0.493164062500000       -758.733952338696     
  0.494140625000000       -903.087374701804     
  0.495117187500000        150.252005811385     
  0.496093750000000        1004.32412712117     
  0.497070312500000        526.441210076858     
  0.498046875000000       -649.618722956342     
  0.499023437500000       -964.141122752065     
  0.500000000000000      -3.036504381270788E-008
  0.500976562500000        964.141122731605     
  0.501953125000000        649.618723003287     
  0.502929687500000       -526.441210024768     
  0.503906250000000       -1004.32412713302     
  0.504882812500000       -150.252005871457     
  0.505859375000000        903.087374673176     
  0.506835937500000        758.733952379480     
  0.507812500000000       -391.867834711531     
  0.508789062500000       -1022.76654714967     
  0.509765625000000       -297.251509535907     
  0.510742187500000        822.484512213333     
  0.511718750000000        851.424883009750     
  0.512695312500000       -248.811704190048     
  0.513671875000000       -1019.06916010346     
  0.514648437500000       -437.816415697525     
  0.515625000000000        724.077343909364     
  0.516601562500000        925.685036166033     
  0.517578125000000       -100.369551666670     
  0.518554687500000       -993.312003258088     
  0.519531250000000       -568.903918634029     
  0.520507812500000        609.996087772333     
  0.521484375000000        979.906903792927     
  0.522460937500000        50.2452985413137     
  0.523437500000000       -946.052641274464     
  0.524414062500000       -687.676369781867     
  0.525390625000000        482.710258480249     
  0.526367187500000        1012.91674620253     
  0.527343750000000        199.772489773141     
  0.528320312500000       -878.314096619586     
  0.529296875000000       -791.562704258126     
  0.530273437500000        344.975209843047     
  0.531250000000000        1023.99999999408     
  0.532226562500000        344.975209900227     
  0.533203125000000       -791.562704219599     
  0.534179687500000       -878.314096650808     
  0.535156250000000        199.772489713578     
  0.536132812500000        1012.91674619362     
  0.537109375000000        482.710258533808     
  0.538085937500000       -687.676369736869     
  0.539062500000000       -946.052641297704     
  0.540039062500000        50.2452984806569     
  0.541015625000000        979.906903775298     
  0.541992187500000        609.996087821112     
  0.542968750000000       -568.903918583533     
  0.543945312500000       -993.312003272844     
  0.544921875000000       -100.369551727108     
  0.545898437500000        925.685036140067     
  0.546875000000000        724.077343952307     
  0.547851562500000       -437.816415642626     
  0.548828125000000       -1019.06916010941     
  0.549804687500000       -248.811704248958     
  0.550781250000000        851.424882976010     
  0.551757812500000        822.484512249510     
  0.552734375000000       -297.251509477792     
  0.553710937500000       -1022.76654714669     
  0.554687500000000       -391.867834767638     
  0.555664062500000        758.733952338696     
  0.556640625000000        903.087374701804     
  0.557617187500000       -150.252005811385     
  0.558593750000000       -1004.32412712117     
  0.559570312500000       -526.441210076858     
  0.560546875000000        649.618722956342     
  0.561523437500000        964.141122752065     
  0.562500000000000       3.036504381270788E-008
  0.563476562500000       -964.141122731605     
  0.564453125000000       -649.618723003287     
  0.565429687500000        526.441210024768     
  0.566406250000000        1004.32412713302     
  0.567382812500000        150.252005871457     
  0.568359375000000       -903.087374673176     
  0.569335937500000       -758.733952379480     
  0.570312500000000        391.867834711531     
  0.571289062500000        1022.76654714967     
  0.572265625000000        297.251509535907     
  0.573242187500000       -822.484512213333     
  0.574218750000000       -851.424883009750     
  0.575195312500000        248.811704190048     
  0.576171875000000        1019.06916010346     
  0.577148437500000        437.816415697525     
  0.578125000000000       -724.077343909364     
  0.579101562500000       -925.685036166033     
  0.580078125000000        100.369551666670     
  0.581054687500000        993.312003258088     
  0.582031250000000        568.903918634029     
  0.583007812500000       -609.996087772333     
  0.583984375000000       -979.906903792927     
  0.584960937500000       -50.2452985413137     
  0.585937500000000        946.052641274464     
  0.586914062500000        687.676369781867     
  0.587890625000000       -482.710258480249     
  0.588867187500000       -1012.91674620253     
  0.589843750000000       -199.772489773141     
  0.590820312500000        878.314096619586     
  0.591796875000000        791.562704258126     
  0.592773437500000       -344.975209843047     
  0.593750000000000       -1023.99999999408     
  0.594726562500000       -344.975209900227     
  0.595703125000000        791.562704219599     
  0.596679687500000        878.314096650808     
  0.597656250000000       -199.772489713578     
  0.598632812500000       -1012.91674619362     
  0.599609375000000       -482.710258533808     
  0.600585937500000        687.676369736869     
  0.601562500000000        946.052641297704     
  0.602539062500000       -50.2452984806569     
  0.603515625000000       -979.906903775298     
  0.604492187500000       -609.996087821112     
  0.605468750000000        568.903918583533     
  0.606445312500000        993.312003272844     
  0.607421875000000        100.369551727108     
  0.608398437500000       -925.685036140067     
  0.609375000000000       -724.077343952307     
  0.610351562500000        437.816415642626     
  0.611328125000000        1019.06916010941     
  0.612304687500000        248.811704248958     
  0.613281250000000       -851.424882976010     
  0.614257812500000       -822.484512249510     
  0.615234375000000        297.251509477792     
  0.616210937500000        1022.76654714669     
  0.617187500000000        391.867834767638     
  0.618164062500000       -758.733952338696     
  0.619140625000000       -903.087374701804     
  0.620117187500000        150.252005811385     
  0.621093750000000        1004.32412712117     
  0.622070312500000        526.441210076858     
  0.623046875000000       -649.618722956342     
  0.624023437500000       -964.141122752065     
  0.625000000000000      -3.036504381270788E-008
  0.625976562500000        964.141122731605     
  0.626953125000000        649.618723003287     
  0.627929687500000       -526.441210024768     
  0.628906250000000       -1004.32412713302     
  0.629882812500000       -150.252005871457     
  0.630859375000000        903.087374673176     
  0.631835937500000        758.733952379480     
  0.632812500000000       -391.867834711531     
  0.633789062500000       -1022.76654714967     
  0.634765625000000       -297.251509535907     
  0.635742187500000        822.484512213333     
  0.636718750000000        851.424883009750     
  0.637695312500000       -248.811704190048     
  0.638671875000000       -1019.06916010346     
  0.639648437500000       -437.816415697525     
  0.640625000000000        724.077343909364     
  0.641601562500000        925.685036166033     
  0.642578125000000       -100.369551666670     
  0.643554687500000       -993.312003258088     
  0.644531250000000       -568.903918634029     
  0.645507812500000        609.996087772333     
  0.646484375000000        979.906903792927     
  0.647460937500000        50.2452985413137     
  0.648437500000000       -946.052641274464     
  0.649414062500000       -687.676369781867     
  0.650390625000000        482.710258480249     
  0.651367187500000        1012.91674620253     
  0.652343750000000        199.772489773141     
  0.653320312500000       -878.314096619586     
  0.654296875000000       -791.562704258126     
  0.655273437500000        344.975209843047     
  0.656250000000000        1023.99999999408     
  0.657226562500000        344.975209900227     
  0.658203125000000       -791.562704219599     
  0.659179687500000       -878.314096650808     
  0.660156250000000        199.772489713578     
  0.661132812500000        1012.91674619362     
  0.662109375000000        482.710258533808     
  0.663085937500000       -687.676369736869     
  0.664062500000000       -946.052641297704     
  0.665039062500000        50.2452984806569     
  0.666015625000000        979.906903775298     
  0.666992187500000        609.996087821112     
  0.667968750000000       -568.903918583533     
  0.668945312500000       -993.312003272844     
  0.669921875000000       -100.369551727108     
  0.670898437500000        925.685036140067     
  0.671875000000000        724.077343952307     
  0.672851562500000       -437.816415642626     
  0.673828125000000       -1019.06916010941     
  0.674804687500000       -248.811704248958     
  0.675781250000000        851.424882976010     
  0.676757812500000        822.484512249510     
  0.677734375000000       -297.251509477792     
  0.678710937500000       -1022.76654714669     
  0.679687500000000       -391.867834767638     
  0.680664062500000        758.733952338696     
  0.681640625000000        903.087374701804     
  0.682617187500000       -150.252005811385     
  0.683593750000000       -1004.32412712117     
  0.684570312500000       -526.441210076858     
  0.685546875000000        649.618722956342     
  0.686523437500000        964.141122752065     
  0.687500000000000       3.036504381270788E-008
  0.688476562500000       -964.141122731605     
  0.689453125000000       -649.618723003287     
  0.690429687500000        526.441210024768     
  0.691406250000000        1004.32412713302     
  0.692382812500000        150.252005871457     
  0.693359375000000       -903.087374673176     
  0.694335937500000       -758.733952379480     
  0.695312500000000        391.867834711531     
  0.696289062500000        1022.76654714967     
  0.697265625000000        297.251509535907     
  0.698242187500000       -822.484512213333     
  0.699218750000000       -851.424883009750     
  0.700195312500000        248.811704190048     
  0.701171875000000        1019.06916010346     
  0.702148437500000        437.816415697525     
  0.703125000000000       -724.077343909364     
  0.704101562500000       -925.685036166033     
  0.705078125000000        100.369551666670     
  0.706054687500000        993.312003258088     
  0.707031250000000        568.903918634029     
  0.708007812500000       -609.996087772333     
  0.708984375000000       -979.906903792927     
  0.709960937500000       -50.2452985413137     
  0.710937500000000        946.052641274464     
  0.711914062500000        687.676369781867     
  0.712890625000000       -482.710258480249     
  0.713867187500000       -1012.91674620253     
  0.714843750000000       -199.772489773141     
  0.715820312500000        878.314096619586     
  0.716796875000000        791.562704258126     
  0.717773437500000       -344.975209843047     
  0.718750000000000       -1023.99999999408     
  0.719726562500000       -344.975209900227     
  0.720703125000000        791.562704219599     
  0.721679687500000        878.314096650808     
  0.722656250000000       -199.772489713578     
  0.723632812500000       -1012.91674619362     
  0.724609375000000       -482.710258533808     
  0.725585937500000        687.676369736869     
  0.726562500000000        946.052641297704     
  0.727539062500000       -50.2452984806569     
  0.728515625000000       -979.906903775298     
  0.729492187500000       -609.996087821112     
  0.730468750000000        568.903918583533     
  0.731445312500000        993.312003272844     
  0.732421875000000        100.369551727108     
  0.733398437500000       -925.685036140067     
  0.734375000000000       -724.077343952307     
  0.735351562500000        437.816415642626     
  0.736328125000000        1019.06916010941     
  0.737304687500000        248.811704248958     
  0.738281250000000       -851.424882976010     
  0.739257812500000       -822.484512249510     
  0.740234375000000        297.251509477792     
  0.741210937500000        1022.76654714669     
  0.742187500000000        391.867834767638     
  0.743164062500000       -758.733952338696     
  0.744140625000000       -903.087374701804     
  0.745117187500000        150.252005811385     
  0.746093750000000        1004.32412712117     
  0.747070312500000        526.441210076858     
  0.748046875000000       -649.618722956342     
  0.749023437500000       -964.141122752065     
  0.750000000000000      -3.036504381270788E-008
  0.750976562500000        964.141122731605     
  0.751953125000000        649.618723003287     
  0.752929687500000       -526.441210024768     
  0.753906250000000       -1004.32412713302     
  0.754882812500000       -150.252005871457     
  0.755859375000000        903.087374673176     
  0.756835937500000        758.733952379480     
  0.757812500000000       -391.867834711531     
  0.758789062500000       -1022.76654714967     
  0.759765625000000       -297.251509535907     
  0.760742187500000        822.484512213333     
  0.761718750000000        851.424883009750     
  0.762695312500000       -248.811704190048     
  0.763671875000000       -1019.06916010346     
  0.764648437500000       -437.816415697525     
  0.765625000000000        724.077343909364     
  0.766601562500000        925.685036166033     
  0.767578125000000       -100.369551666670     
  0.768554687500000       -993.312003258088     
  0.769531250000000       -568.903918634029     
  0.770507812500000        609.996087772333     
  0.771484375000000        979.906903792927     
  0.772460937500000        50.2452985413137     
  0.773437500000000       -946.052641274464     
  0.774414062500000       -687.676369781867     
  0.775390625000000        482.710258480249     
  0.776367187500000        1012.91674620253     
  0.777343750000000        199.772489773141     
  0.778320312500000       -878.314096619586     
  0.779296875000000       -791.562704258126     
  0.780273437500000        344.975209843047     
  0.781250000000000        1023.99999999408     
  0.782226562500000        344.975209900227     
  0.783203125000000       -791.562704219599     
  0.784179687500000       -878.314096650808     
  0.785156250000000        199.772489713578     
  0.786132812500000        1012.91674619362     
  0.787109375000000        482.710258533808     
  0.788085937500000       -687.676369736869     
  0.789062500000000       -946.052641297704     
  0.790039062500000        50.2452984806569     
  0.791015625000000        979.906903775298     
  0.791992187500000        609.996087821112     
  0.792968750000000       -568.903918583533     
  0.793945312500000       -993.312003272844     
  0.794921875000000       -100.369551727108     
  0.795898437500000        925.685036140067     
  0.796875000000000        724.077343952307     
  0.797851562500000       -437.816415642626     
  0.798828125000000       -1019.06916010941     
  0.799804687500000       -248.811704248958     
  0.800781250000000        851.424882976010     
  0.801757812500000        822.484512249510     
  0.802734375000000       -297.251509477792     
  0.803710937500000       -1022.76654714669     
  0.804687500000000       -391.867834767638     
  0.805664062500000        758.733952338696     
  0.806640625000000        903.087374701804     
  0.807617187500000       -150.252005811385     
  0.808593750000000       -1004.32412712117     
  0.809570312500000       -526.441210076858     
  0.810546875000000        649.618722956342     
  0.811523437500000        964.141122752065     
  0.812500000000000       3.036504381270788E-008
  0.813476562500000       -964.141122731605     
  0.814453125000000       -649.618723003287     
  0.815429687500000        526.441210024768     
  0.816406250000000        1004.32412713302     
  0.817382812500000        150.252005871457     
  0.818359375000000       -903.087374673176     
  0.819335937500000       -758.733952379480     
  0.820312500000000        391.867834711531     
  0.821289062500000        1022.76654714967     
  0.822265625000000        297.251509535907     
  0.823242187500000       -822.484512213333     
  0.824218750000000       -851.424883009750     
  0.825195312500000        248.811704190048     
  0.826171875000000        1019.06916010346     
  0.827148437500000        437.816415697525     
  0.828125000000000       -724.077343909364     
  0.829101562500000       -925.685036166033     
  0.830078125000000        100.369551666670     
  0.831054687500000        993.312003258088     
  0.832031250000000        568.903918634029     
  0.833007812500000       -609.996087772333     
  0.833984375000000       -979.906903792927     
  0.834960937500000       -50.2452985413137     
  0.835937500000000        946.052641274464     
  0.836914062500000        687.676369781867     
  0.837890625000000       -482.710258480249     
  0.838867187500000       -1012.91674620253     
  0.839843750000000       -199.772489773141     
  0.840820312500000        878.314096619586     
  0.841796875000000        791.562704258126     
  0.842773437500000       -344.975209843047     
  0.843750000000000       -1023.99999999408     
  0.844726562500000       -344.975209900227     
  0.845703125000000        791.562704219599     
  0.846679687500000        878.314096650808     
  0.847656250000000       -199.772489713578     
  0.848632812500000       -1012.91674619362     
  0.849609375000000       -482.710258533808     
  0.850585937500000        687.676369736869     
  0.851562500000000        946.052641297704     
  0.852539062500000       -50.2452984806569     
  0.853515625000000       -979.906903775298     
  0.854492187500000       -609.996087821112     
  0.855468750000000        568.903918583533     
  0.856445312500000        993.312003272844     
  0.857421875000000        100.369551727108     
  0.858398437500000       -925.685036140067     
  0.859375000000000       -724.077343952307     
  0.860351562500000        437.816415642626     
  0.861328125000000        1019.06916010941     
  0.862304687500000        248.811704248958     
  0.863281250000000       -851.424882976010     
  0.864257812500000       -822.484512249510     
  0.865234375000000        297.251509477792     
  0.866210937500000        1022.76654714669     
  0.867187500000000        391.867834767638     
  0.868164062500000       -758.733952338696     
  0.869140625000000       -903.087374701804     
  0.870117187500000        150.252005811385     
  0.871093750000000        1004.32412712117     
  0.872070312500000        526.441210076858     
  0.873046875000000       -649.618722956342     
  0.874023437500000       -964.141122752065     
  0.875000000000000      -3.036504381270788E-008
  0.875976562500000        964.141122731605     
  0.876953125000000        649.618723003287     
  0.877929687500000       -526.441210024768     
  0.878906250000000       -1004.32412713302     
  0.879882812500000       -150.252005871457     
  0.880859375000000        903.087374673176     
  0.881835937500000        758.733952379480     
  0.882812500000000       -391.867834711531     
  0.883789062500000       -1022.76654714967     
  0.884765625000000       -297.251509535907     
  0.885742187500000        822.484512213333     
  0.886718750000000        851.424883009750     
  0.887695312500000       -248.811704190048     
  0.888671875000000       -1019.06916010346     
  0.889648437500000       -437.816415697525     
  0.890625000000000        724.077343909364     
  0.891601562500000        925.685036166033     
  0.892578125000000       -100.369551666670     
  0.893554687500000       -993.312003258088     
  0.894531250000000       -568.903918634029     
  0.895507812500000        609.996087772333     
  0.896484375000000        979.906903792927     
  0.897460937500000        50.2452985413137     
  0.898437500000000       -946.052641274464     
  0.899414062500000       -687.676369781867     
  0.900390625000000        482.710258480249     
  0.901367187500000        1012.91674620253     
  0.902343750000000        199.772489773141     
  0.903320312500000       -878.314096619586     
  0.904296875000000       -791.562704258126     
  0.905273437500000        344.975209843047     
  0.906250000000000        1023.99999999408     
  0.907226562500000        344.975209900227     
  0.908203125000000       -791.562704219599     
  0.909179687500000       -878.314096650808     
  0.910156250000000        199.772489713578     
  0.911132812500000        1012.91674619362     
  0.912109375000000        482.710258533808     
  0.913085937500000       -687.676369736869     
  0.914062500000000       -946.052641297704     
  0.915039062500000        50.2452984806569     
  0.916015625000000        979.906903775298     
  0.916992187500000        609.996087821112     
  0.917968750000000       -568.903918583533     
  0.918945312500000       -993.312003272844     
  0.919921875000000       -100.369551727108     
  0.920898437500000        925.685036140067     
  0.921875000000000        724.077343952307     
  0.922851562500000       -437.816415642626     
  0.923828125000000       -1019.06916010941     
  0.924804687500000       -248.811704248958     
  0.925781250000000        851.424882976010     
  0.926757812500000        822.484512249510     
  0.927734375000000       -297.251509477792     
  0.928710937500000       -1022.76654714669     
  0.929687500000000       -391.867834767638     
  0.930664062500000        758.733952338696     
  0.931640625000000        903.087374701804     
  0.932617187500000       -150.252005811385     
  0.933593750000000       -1004.32412712117     
  0.934570312500000       -526.441210076858     
  0.935546875000000        649.618722956342     
  0.936523437500000        964.141122752065     
  0.937500000000000       3.036504381270788E-008
  0.938476562500000       -964.141122731605     
  0.939453125000000       -649.618723003287     
  0.940429687500000        526.441210024768     
  0.941406250000000        1004.32412713302     
  0.942382812500000        150.252005871457     
  0.943359375000000       -903.087374673176     
  0.944335937500000       -758.733952379480     
  0.945312500000000        391.867834711531     
  0.946289062500000        1022.76654714967     
  0.947265625000000        297.251509535907     
  0.948242187500000       -822.484512213333     
  0.949218750000000       -851.424883009750     
  0.950195312500000        248.811704190048     
  0.951171875000000        1019.06916010346     
  0.952148437500000        437.816415697525     
  0.953125000000000       -724.077343909364     
  0.954101562500000       -925.685036166033     
  0.955078125000000        100.369551666670     
  0.956054687500000        993.312003258088     
  0.957031250000000        568.903918634029     
  0.958007812500000       -609.996087772333     
  0.958984375000000       -979.906903792927     
  0.959960937500000       -50.2452985413137     
  0.960937500000000        946.052641274464     
  0.961914062500000        687.676369781867     
  0.962890625000000       -482.710258480249     
  0.963867187500000       -1012.91674620253     
  0.964843750000000       -199.772489773141     
  0.965820312500000        878.314096619586     
  0.966796875000000        791.562704258126     
  0.967773437500000       -344.975209843047     
  0.968750000000000       -1023.99999999408     
  0.969726562500000       -344.975209900227     
  0.970703125000000        791.562704219599     
  0.971679687500000        878.314096650808     
  0.972656250000000       -199.772489713578     
  0.973632812500000       -1012.91674619362     
  0.974609375000000       -482.710258533808     
  0.975585937500000        687.676369736869     
  0.976562500000000        946.052641297704     
  0.977539062500000       -50.2452984806569     
  0.978515625000000       -979.906903775298     
  0.979492187500000       -609.996087821112     
  0.980468750000000        568.903918583533     
  0.981445312500000        993.312003272844     
  0.982421875000000        100.369551727108     
  0.983398437500000       -925.685036140067     
  0.984375000000000       -724.077343952307     
  0.985351562500000        437.816415642626     
  0.986328125000000        1019.06916010941     
  0.987304687500000        248.811704248958     
  0.988281250000000       -851.424882976010     
  0.989257812500000       -822.484512249510     
  0.990234375000000        297.251509477792     
  0.991210937500000        1022.76654714669     
  0.992187500000000        391.867834767638     
  0.993164062500000       -758.733952338696     
  0.994140625000000       -903.087374701804     
  0.995117187500000        150.252005811385     
  0.996093750000000        1004.32412712117     
  0.997070312500000        526.441210076858     
  0.998046875000000       -649.618722956342     
  0.999023437500000       -964.141122752065     
   1.00000000000000      -3.036504381270788E-008
