           0  6.304157281210979E-013
           1  4.152136922345815E-013
           2  1.013384049443428E-012
           3  2.474630475820931E-012
           4  2.086566114857099E-012
           5  1.665568940728405E-012
           6  2.449077259574643E-012
           7  4.396395196193372E-012
           8  2.934428864423639E-012
           9  2.828455405251149E-012
          10  2.035774236897993E-012
          11  5.586283482299393E-013
          12  1.897027197887151E-012
          13  2.032107805108813E-012
          14  4.348308973848298E-012
          15  1.000549082654314E-012
          16  2.420889590886749E-012
          17  3.801411933735052E-012
          18  6.439425921708161E-012
          19  6.403018087798970E-012
          20  3.751835739796569E-012
          21  2.349527555505468E-012
          22  2.568551691986654E-012
          23  3.383048864833596E-012
          24  3.771369433379916E-012
          25  1.325234279110244E-012
          26  1.113239520273635E-013
          27  2.536379963223339E-012
          28  3.946026261644506E-012
          29  1.744381408882406E-012
          30  1.300537640481167E-012
          31  2.439871098354974E-012
          32  2.091759012390635E-012
          33  5.486019922238802E-012
          34  1.106740798616127E-012
          35  9.444128932232328E-013
          36  3.058319307665895E-012
          37  3.038052238562667E-012
          38  1.600204628178960E-012
          39  5.138821923215201E-012
          40  3.886861757084369E-012
          41  1.202056088675965E-012
          42  2.571773959379858E-012
          43  2.662793909791316E-012
          44  2.840520038859426E-012
          45  1.713725041284217E-012
          46  1.276186333169434E-012
          47  4.281479427216600E-012
          48  4.925251252994011E-012
          49  5.315719547905277E-012
          50  2.995954179271753E-012
          51  2.701418584123143E-012
          52  5.353711916523367E-012
          53  6.536740850319067E-012
          54  2.723235491988756E-012
          55  2.236733994109752E-012
          56  4.608399641838809E-012
          57  3.590650177264770E-012
          58  3.133500638182475E-012
          59  2.580298271502027E-012
          60  5.791077928660304E-012
          61  1.036084232183014E-012
          62  6.258926708363361E-012
          63  1.363253296871428E-011
          64  2.687547870143234E-012
          65  1.251962214739262E-011
          66  3.980390832014737E-012
          67  2.358214091210165E-012
          68  5.008020890977878E-012
          69  3.927027929025733E-012
          70  3.533709399703293E-012
          71  9.202291949088644E-013
          72  5.101052518315673E-012
          73  7.230162218459781E-012
          74  9.516833603812250E-012
          75  1.234118824097086E-011
          76  9.484582885681651E-012
          77  1.187682561396108E-011
          78  1.513568087815554E-011
          79  1.090681700865709E-011
          80  8.741948324975488E-012
          81  7.294420736812167E-012
          82  2.261339795070575E-012
          83  2.222863115696161E-012
          84  5.055647832166497E-012
          85  2.993718906859092E-012
          86  3.025328970857943E-012
          87  7.212698082106492E-012
          88  4.826658962894500E-012
          89  1.343547682327715E-012
          90  3.434350938841385E-012
          91  3.349803226118347E-013
          92  4.384511879029119E-012
          93  4.515617878957034E-013
          94  8.380707713527432E-013
          95  1.793446699373991E-012
          96  1.300314317491261E-012
          97  1.988337363429034E-012
          98  1.815974148511412E-012
          99  2.623626724118700E-012
         100  1.684062175726858E-012
         101  2.731596450085625E-012
         102  9.878867609721220E-013
         103  2.579680243755411E-012
         104  3.230491206165338E-012
         105  1.337452435800372E-012
         106  2.864846227098880E-012
         107  2.336588234965073E-012
         108  3.818474600778891E-012
         109  3.922764942618470E-012
         110  9.806905025548067E-013
         111  2.964679703482229E-012
         112  4.997697178699415E-012
         113  4.355481980433725E-012
         114  8.349607684039414E-013
         115  3.817911579791985E-012
         116  6.191543721158485E-012
         117  3.437253005752333E-012
         118  8.305915168284857E-012
         119  1.649911041188525E-011
         120  2.042037236652118E-011
         121  1.521997979330940E-011
         122  5.106636604842348E-012
         123  2.919744327960985E-012
         124  5.364161663807752E-012
         125  4.186216044921382E-012
         126  4.983212708290554E-013
         127  8.353725871606876E-013
         128  1.771606518611066E-012
         129  7.130717655055061E-012
         130  7.049459295643356E-012
         131  2.898435714614699E-012
         132  2.379101826147675E-012
         133  1.080648419684098E-012
         134  5.061153964731627E-012
         135  4.387126551769450E-012
         136  2.538371849894630E-012
         137  5.636905856657035E-012
         138  4.797931375357913E-012
         139  7.705101633425056E-013
         140  4.182823249369286E-012
         141  2.379889703149151E-012
         142  6.542015580589599E-013
         143  5.287976125694163E-012
         144  3.124532468942688E-012
         145  8.749389734100036E-012
         146  1.009959717022944E-011
         147  1.408206778669662E-011
         148  8.217153381160264E-012
         149  9.120679518113400E-012
         150  7.691960341979541E-012
         151  5.701158449814768E-012
         152  7.975221623194350E-013
         153  5.783519300377003E-013
         154  1.265357302662596E-012
         155  3.096119017467681E-012
         156  3.444063303437739E-012
         157  4.851493182934698E-013
         158  7.001727312049553E-012
         159  1.209565853734097E-011
         160  1.052285210028252E-012
         161  1.418599643761184E-011
         162  6.340552386001107E-012
         163  1.860412609583504E-012
         164  5.374340725927308E-012
         165  2.371311532248799E-012
         166  3.114403145027945E-012
         167  3.534742254018536E-012
         168  5.916931231529831E-012
         169  1.530365985283427E-012
         170  3.463508274859863E-013
         171  1.889174329436211E-012
         172  2.953244056648227E-012
         173  3.288494900936923E-013
         174  1.232206891465669E-012
         175  1.365104060102914E-012
         176  3.976655700648897E-013
         177  1.444900059439314E-012
         178  1.704409076703755E-012
         179  1.821021798328466E-012
         180  5.834227773252994E-013
         181  1.570821142513179E-012
         182  7.897899335721970E-013
         183  1.903744953067451E-012
         184  9.845076331172510E-013
         185  1.282799957324300E-012
         186  9.569430864689995E-013
         187  9.639106051402383E-013
         188  9.579579275893327E-013
         189  2.583331096477624E-012
         190  1.796713088032180E-012
         191  1.393226710705775E-012
         192  2.388984456853991E-012
         193  1.945959459484549E-012
         194  2.168347188312218E-012
         195  7.419035595009221E-013
         196  1.770529029745567E-012
         197  9.717445368088157E-013
         198  3.574150318059498E-012
         199  4.283338842508376E-012
         200   512.000000000005     
         201  8.203497832007420E-012
         202  5.292884901116195E-012
         203  8.639231296090307E-012
         204  1.072531771807224E-011
         205  9.993196226849128E-012
         206  3.979861143749125E-012
         207  1.574167986529177E-012
         208  6.947006168200202E-012
         209  2.868040374741323E-012
         210  2.728441959315159E-012
         211  2.381066476116732E-012
         212  1.485545670066812E-012
         213  3.377627868178227E-012
         214  6.386635265415858E-012
         215  6.836343569079466E-012
         216  5.625813875987973E-012
         217  8.727442786070668E-012
         218  4.592134820061360E-012
         219  1.369115786461670E-012
         220  1.270824672869954E-012
         221  1.344068933623123E-012
         222  2.883299456552815E-012
         223  3.016576037225558E-012
         224  2.476870992541461E-012
         225  3.610495061981121E-012
         226  2.925425265374245E-012
         227  4.463390821739785E-012
         228  3.713751097444673E-012
         229  2.038435070519598E-012
         230  2.483174088173828E-012
         231  1.958820141244767E-012
         232  3.865218440751283E-012
         233  1.700193556504673E-012
         234  2.172428344455072E-012
         235  1.432674177376677E-012
         236  1.157126921293270E-012
         237  2.674643856142584E-013
         238  1.066561262065126E-012
         239  6.325669815365628E-013
         240  2.371225470427106E-012
         241  1.299049844448446E-012
         242  1.334038274360419E-012
         243  2.092782989581432E-012
         244  3.049634295430184E-012
         245  2.391526344191544E-012
         246  1.152250982658506E-012
         247  3.050534173139306E-012
         248  5.631705327129582E-012
         249  2.017293029740528E-012
         250  1.750748126316968E-012
         251  2.286009858290585E-012
         252  1.935820000514852E-012
         253  7.988055667047980E-013
         254  3.553156360018760E-012
         255  3.120097130262754E-012
         256  1.789784448188099E-012
         257  6.333827640993261E-012
         258  1.515507237065492E-012
         259  4.129141978352104E-012
         260  6.270443753118412E-012
         261  1.052880506640865E-012
         262  4.763002826420351E-012
         263  1.077457575482320E-011
         264  4.807947730410623E-012
         265  5.871533547411258E-012
         266  2.502799135546061E-012
         267  6.779360376980931E-013
         268  4.292160331655365E-012
         269  1.735889281500951E-012
         270  5.288558600428410E-012
         271  1.069598194544960E-011
         272  9.010738815799957E-012
         273  8.503030791889951E-012
         274  7.111683953690006E-012
         275  7.416523432849478E-012
         276  7.995298691405188E-012
         277  9.558938316612939E-012
         278  7.422920214581938E-012
         279  4.681285874475240E-012
         280  1.217371747766907E-012
         281  1.964348433429764E-012
         282  1.567182972601789E-012
         283  1.079482944176591E-012
         284  3.636324781217414E-012
         285  2.856336345287343E-012
         286  7.477666299742048E-013
         287  1.136938689425860E-012
         288  1.995829801541470E-012
         289  1.964733550793825E-012
         290  1.802227729152878E-012
         291  8.471351663707212E-013
         292  9.580362583088902E-013
         293  1.855307452471193E-012
         294  2.255356612655766E-013
         295  3.679358299836753E-012
         296  9.924336204796788E-013
         297  4.671671562866148E-012
         298  1.444703186118208E-012
         299  1.993046056618827E-012
         300  3.324046438918445E-012
         301  3.950810986277459E-012
         302  5.014013145130858E-012
         303  6.343224931680466E-012
         304  8.603256904217137E-012
         305  5.285621585747788E-012
         306  4.253699278299095E-012
         307  4.337062091245418E-013
         308  1.677015277223848E-012
         309  2.430283248661408E-012
         310  1.257247413074789E-012
         311  2.203783556821439E-012
         312  3.137349934776301E-012
         313  2.520679959908398E-012
         314  1.192565805284932E-012
         315  1.591445493958390E-012
         316  4.313079266246261E-012
         317  4.367772714504577E-012
         318  3.845321459349276E-012
         319  4.401764397446069E-012
         320  5.385493232193880E-013
         321  2.114453192260874E-012
         322  2.240000898806598E-012
         323  3.113782823881785E-012
         324  3.560415641618725E-012
         325  2.354573210887137E-012
         326  1.772462060808996E-012
         327  5.075058550967704E-012
         328  2.059653958894574E-012
         329  1.088637078794000E-011
         330  1.008154806959550E-011
         331  1.233682864261735E-011
         332  9.291348901210137E-012
         333  1.509801398138624E-013
         334  9.712817957368585E-013
         335  2.669102250282282E-012
         336  2.723335284298242E-012
         337  4.352684537491239E-012
         338  5.727725178086544E-013
         339  1.313391986681412E-012
         340  5.105707347715451E-012
         341  5.197262474455385E-012
         342  6.812857018697947E-012
         343  1.442689755851619E-011
         344  1.933355163880961E-011
         345  1.656716504154029E-011
         346  6.261946645606713E-012
         347  4.183089881871070E-012
         348  5.718353831790197E-012
         349  3.569577665977581E-012
         350  3.529434654381573E-012
         351  1.848251408261093E-012
         352  5.741740448288273E-013
         353  6.966695503341635E-012
         354  6.740414089031869E-012
         355  2.170877233269363E-012
         356  1.587502938203601E-012
         357  2.702079981280009E-012
         358  2.599341109172602E-012
         359  5.082811506479818E-012
         360  2.371113790091459E-012
         361  3.942023932651876E-012
         362  2.408028724411639E-012
         363  7.640599772445381E-013
         364  2.405501943798904E-012
         365  2.242485035580993E-012
         366  2.912859704195765E-013
         367  4.516054249417035E-012
         368  1.836965876049648E-012
         369  2.802945592310051E-012
         370  2.837406895872708E-012
         371  5.873536555816087E-013
         372  4.083562741533248E-013
         373  2.946021758246488E-013
         374  2.529254222261944E-012
         375  3.399100676111253E-012
         376  1.777761007620918E-012
         377  3.086166654357595E-012
         378  1.859372212405272E-012
         379  2.403370579790022E-012
         380  2.331299716084482E-012
         381  1.768279309542705E-012
         382  1.488538688991231E-012
         383  2.439563240862479E-012
         384  1.031176251486517E-012
         385  1.654459906454725E-012
         386  2.329312629074538E-012
         387  2.336026605060927E-012
         388  1.246906957647504E-012
         389  2.404653892672840E-012
         390  5.393870778456194E-012
         391  2.910866321291763E-012
         392  1.262406619622848E-012
         393  1.156047403810864E-012
         394  3.760958640694715E-012
         395  2.620658178380721E-012
         396  3.674191618531851E-012
         397  4.320345834012748E-012
         398  8.625827843169873E-012
         399  1.651291892465579E-011
         400   1024.00000000000     
         401  1.685631994528402E-011
         402  8.780451130152235E-012
         403  4.277000337995927E-012
         404  3.521874056474773E-012
         405  4.595042927418487E-013
         406  3.598316630353332E-012
         407  1.923231048224909E-012
         408  1.785058047370154E-012
         409  1.835662194562520E-012
         410  2.906224483855618E-012
         411  3.669078373777839E-012
         412  3.112425580078788E-012
         413  2.989917821787169E-012
         414  2.158996415388417E-012
         415  2.279453724830554E-012
         416  1.085270220879269E-012
         417  1.806620738320054E-012
         418  1.993296553009271E-012
         419  2.272048352385769E-012
         420  2.611238179383650E-012
         421  1.593143105741071E-012
         422  3.049996581806149E-013
         423  2.702766217670748E-012
         424  3.554091732729614E-012
         425  4.924853624725885E-012
         426  4.562888833956698E-012
         427  4.936705288826625E-012
         428  5.416252203495898E-012
         429  3.242385848685689E-012
         430  1.814060876552557E-012
         431  2.855780403629187E-013
         432  3.682193704396381E-012
         433  3.089204720015987E-012
         434  4.788359815175089E-013
         435  1.149528193991503E-012
         436  1.858040735055914E-012
         437  3.105180934623751E-012
         438  7.324905980425831E-012
         439  8.002094673707129E-012
         440  6.005079151484691E-012
         441  5.854772010136587E-012
         442  2.034878211219478E-012
         443  6.626178051634663E-013
         444  2.544604805859924E-012
         445  2.187505736146540E-012
         446  8.719272544663424E-014
         447  3.674159296472811E-012
         448  3.370030402975163E-012
         449  6.413301247870804E-012
         450  1.907486508815547E-012
         451  2.238245057221312E-012
         452  1.901533025991792E-012
         453  1.505925262643253E-012
         454  1.356586815388105E-012
         455  3.577736671464486E-012
         456  7.887024366937112E-013
         457  3.561535031707040E-012
         458  1.204923126699214E-012
         459  3.414223100346588E-012
         460  4.798373348911016E-013
         461  1.901486667170254E-012
         462  2.648096395001516E-012
         463  3.593592560480595E-012
         464  2.457706419286737E-012
         465  2.158058648041170E-012
         466  2.137659423913689E-012
         467  4.281071369184040E-013
         468  9.598990078297391E-012
         469  1.026798792599229E-011
         470  1.087246554695556E-011
         471  1.125200679285882E-011
         472  3.805581300540633E-012
         473  4.876335448199041E-012
         474  2.940140831981734E-012
         475  2.965125605161643E-012
         476  3.019446672912414E-012
         477  1.572920627870161E-012
         478  1.328361415260088E-012
         479  7.211256427693320E-012
         480  5.761695569931399E-012
         481  6.527623388296645E-012
         482  4.973298399429611E-012
         483  7.949504114050313E-012
         484  3.049115922498184E-012
         485  1.528615646207554E-012
         486  3.713350829133143E-012
         487  2.151043038137864E-012
         488  3.574023079151696E-012
         489  1.238631078640327E-012
         490  1.180718677300992E-012
         491  1.604405770473795E-012
         492  3.244293216321049E-012
         493  5.699057889707944E-013
         494  2.619543042853257E-012
         495  8.960914141021672E-012
         496  7.539147225364430E-012
         497  3.663769356999501E-012
         498  5.031279869947014E-012
         499  5.906891299974630E-012
         500  4.087502461010357E-012
         501  2.540929897611207E-012
         502  3.681696846339004E-012
         503  2.713206432127600E-012
         504  4.988453719052369E-013
         505  1.966054606744434E-012
         506  9.027792666974248E-013
         507  8.833837931791183E-013
         508  2.919512351459121E-012
         509  3.071492625686938E-012
         510  6.094208071826021E-013
         511  1.630216959775771E-012
         512  3.497455666913102E-012
