  9.765625000000000E-004   2.21033063351031     
  1.953125000000000E-003  -1.32717727664282     
  2.929687500000000E-003   1.24973978450349     
  3.906250000000000E-003  -1.74615214513341     
  4.882812500000000E-003 -0.727299828964290     
  5.859375000000000E-003   2.54486048895345     
  6.835937500000000E-003  -1.24941832798943     
  7.812500000000000E-003   1.03153013000801     
  8.789062500000000E-003  -1.19482973686429     
  9.765625000000000E-003  -1.40142514329367     
  1.074218750000000E-002   2.71708820294506     
  1.171875000000000E-002  -1.01628945272003     
  1.269531250000000E-002  0.699813293748732     
  1.367187500000000E-002 -0.605004082639932     
  1.464843750000000E-002  -1.97357600015576     
  1.562500000000000E-002   2.70710678118655     
  1.660156250000000E-002 -0.642031613602034     
  1.757812500000000E-002  0.292163503702692     
  1.855468750000000E-002 -2.723777954253503E-002
  1.953125000000000E-002  -2.40332929804218     
  2.050781250000000E-002   2.50957997595686     
  2.148437500000000E-002 -0.154200130306982     
  2.246093750000000E-002 -0.146966606331711     
  2.343750000000000E-002  0.490334029861813     
  2.441406250000000E-002  -2.66192840819141     
  2.539062500000000E-002   2.13433596143109     
  2.636718750000000E-002  0.408607155455878     
  2.734375000000000E-002 -0.570276542714063     
  2.832031250000000E-002  0.906113918696445     
  2.929687500000000E-002  -2.73458101416920     
  3.027343750000000E-002   1.60567642171951     
  3.125000000000000E-002  0.999999999999999     
  3.222656250000000E-002 -0.931896714935068     
  3.320312500000000E-002   1.18856010744372     
  3.417968750000000E-002  -2.62157113869698     
  3.515625000000000E-002  0.960457186746297     
  3.613281250000000E-002   1.56974586447371     
  3.710937500000000E-002  -1.19154248777910     
  3.808593750000000E-002   1.31881049849738     
  3.906250000000000E-002  -2.33809309488437     
  4.003906250000000E-002  0.245101954986520     
  4.101562500000000E-002   2.06808080177140     
  4.199218750000000E-002  -1.31818136697198     
  4.296875000000000E-002   1.29218883200297     
  4.394531250000000E-002  -1.91282472684654     
  4.492187500000000E-002 -0.488197784361844     
  4.589843750000000E-002   2.45001019984891     
  4.687500000000000E-002  -1.29289321881345     
  4.785156250000000E-002   1.11846581329518     
  4.882812500000000E-002  -1.38536537070445     
  4.980468750000000E-002  -1.18577365355529     
  5.078125000000000E-002   2.67922867732512     
  5.175781250000000E-002  -1.11067313998378     
  5.273437500000000E-002  0.820855788784717     
  5.371093750000000E-002 -0.802761175546070     
  5.468750000000000E-002  -1.79689699473822     
  5.566406250000000E-002   2.73132057869935     
  5.664062500000000E-002 -0.781017960256719     
  5.761718750000000E-002  0.433838880053549     
  5.859375000000000E-002 -0.215418415673035     
  5.957031250000000E-002  -2.27794527288994     
  6.054687500000000E-002   2.59596384497010     
  6.152343750000000E-002 -0.327242503144268     
  6.250000000000000E-002  1.473290042796354E-015
  6.347656250000000E-002  0.327242503144313     
  6.445312500000000E-002  -2.59596384497010     
  6.542968750000000E-002   2.27794527288990     
  6.640625000000000E-002  0.215418415673032     
  6.738281250000000E-002 -0.433838880053586     
  6.835937500000000E-002  0.781017960256754     
  6.933593750000000E-002  -2.73132057869935     
  7.031250000000000E-002   1.79689699473817     
  7.128906250000000E-002  0.802761175546066     
  7.226562500000000E-002 -0.820855788784748     
  7.324218750000000E-002   1.11067313998378     
  7.421875000000000E-002  -2.67922867732510     
  7.519531250000000E-002   1.18577365355526     
  7.617187500000000E-002   1.38536537070450     
  7.714843750000000E-002  -1.11846581329519     
  7.812500000000000E-002   1.29289321881346     
  7.910156250000000E-002  -2.45001019984890     
  8.007812500000000E-002  0.488197784361779     
  8.105468750000000E-002   1.91282472684651     
  8.203125000000000E-002  -1.29218883200297     
  8.300781250000000E-002   1.31818136697198     
  8.398437500000000E-002  -2.06808080177140     
  8.496093750000000E-002 -0.245101954986621     
  8.593750000000000E-002   2.33809309488442     
  8.691406250000000E-002  -1.31881049849738     
  8.789062500000000E-002   1.19154248777909     
  8.886718750000000E-002  -1.56974586447366     
  8.984375000000000E-002 -0.960457186746358     
  9.082031250000000E-002   2.62157113869700     
  9.179687500000000E-002  -1.18856010744373     
  9.277343750000000E-002  0.931896714935085     
  9.375000000000000E-002 -0.999999999999974     
  9.472656250000000E-002  -1.60567642171953     
  9.570312500000000E-002   2.73458101416920     
  9.667968750000000E-002 -0.906113918696465     
  9.765625000000000E-002  0.570276542714046     
  9.863281250000000E-002 -0.408607155455853     
  9.960937500000000E-002  -2.13433596143113     
  0.100585937500000        2.66192840819140     
  0.101562500000000      -0.490334029861817     
  0.102539062500000       0.146966606331672     
  0.103515625000000       0.154200130306978     
  0.104492187500000       -2.50957997595687     
  0.105468750000000        2.40332929804213     
  0.106445312500000       2.723777954257145E-002
  0.107421875000000      -0.292163503702669     
  0.108398437500000       0.642031613602042     
  0.109375000000000       -2.70710678118656     
  0.110351562500000        1.97357600015575     
  0.111328125000000       0.605004082639999     
  0.112304687500000      -0.699813293748730     
  0.113281250000000        1.01628945272005     
  0.114257812500000       -2.71708820294506     
  0.115234375000000        1.40142514329362     
  0.116210937500000        1.19482973686439     
  0.117187500000000       -1.03153013000802     
  0.118164062500000        1.24941832798943     
  0.119140625000000       -2.54486048895344     
  0.120117187500000       0.727299828964196     
  0.121093750000000        1.74615214513342     
  0.122070312500000       -1.24973978450351     
  0.123046875000000        1.32717727664282     
  0.124023437500000       -2.21033063351027     
  0.125000000000000       4.910966809321180E-015
  0.125976562500000        2.21033063351035     
  0.126953125000000       -1.32717727664282     
  0.127929687500000        1.24973978450348     
  0.128906250000000       -1.74615214513343     
  0.129882812500000      -0.727299828964323     
  0.130859375000000        2.54486048895348     
  0.131835937500000       -1.24941832798943     
  0.132812500000000        1.03153013000802     
  0.133789062500000       -1.19482973686428     
  0.134765625000000       -1.40142514329374     
  0.135742187500000        2.71708820294506     
  0.136718750000000       -1.01628945272000     
  0.137695312500000       0.699813293748662     
  0.138671875000000      -0.605004082639893     
  0.139648437500000       -1.97357600015574     
  0.140625000000000        2.70710678118654     
  0.141601562500000      -0.642031613601963     
  0.142578125000000       0.292163503702675     
  0.143554687500000      -2.723777954257889E-002
  0.144531250000000       -2.40332929804219     
  0.145507812500000        2.50957997595682     
  0.146484375000000      -0.154200130306985     
  0.147460937500000      -0.146966606331751     
  0.148437500000000       0.490334029861901     
  0.149414062500000       -2.66192840819143     
  0.150390625000000        2.13433596143109     
  0.151367187500000       0.408607155455902     
  0.152343750000000      -0.570276542714118     
  0.153320312500000       0.906113918696460     
  0.154296875000000       -2.73458101416920     
  0.155273437500000        1.60567642171948     
  0.156250000000000        1.00000000000008     
  0.157226562500000      -0.931896714935081     
  0.158203125000000        1.18856010744375     
  0.159179687500000       -2.62157113869694     
  0.160156250000000       0.960457186746235     
  0.161132812500000        1.56974586447381     
  0.162109375000000       -1.19154248777907     
  0.163085937500000        1.31881049849737     
  0.164062500000000       -2.33809309488442     
  0.165039062500000       0.245101954986560     
  0.166015625000000        2.06808080177144     
  0.166992187500000       -1.31818136697199     
  0.167968750000000        1.29218883200297     
  0.168945312500000       -1.91282472684647     
  0.169921875000000      -0.488197784361979     
  0.170898437500000        2.45001019984895     
  0.171875000000000       -1.29289321881343     
  0.172851562500000        1.11846581329521     
  0.173828125000000       -1.38536537070445     
  0.174804687500000       -1.18577365355532     
  0.175781250000000        2.67922867732512     
  0.176757812500000       -1.11067313998375     
  0.177734375000000       0.820855788784685     
  0.178710937500000      -0.802761175546016     
  0.179687500000000       -1.79689699473827     
  0.180664062500000        2.73132057869934     
  0.181640625000000      -0.781017960256683     
  0.182617187500000       0.433838880053632     
  0.183593750000000      -0.215418415673094     
  0.184570312500000       -2.27794527288994     
  0.185546875000000        2.59596384497013     
  0.186523437500000      -0.327242503144271     
  0.187500000000000      -3.821269401721695E-014
  0.188476562500000       0.327242503144359     
  0.189453125000000       -2.59596384497012     
  0.190429687500000        2.27794527288987     
  0.191406250000000       0.215418415673194     
  0.192382812500000      -0.433838880053624     
  0.193359375000000       0.781017960256675     
  0.194335937500000       -2.73132057869935     
  0.195312500000000        1.79689699473817     
  0.196289062500000       0.802761175546119     
  0.197265625000000      -0.820855788784746     
  0.198242187500000        1.11067313998380     
  0.199218750000000       -2.67922867732509     
  0.200195312500000        1.18577365355520     
  0.201171875000000        1.38536537070455     
  0.202148437500000       -1.11846581329525     
  0.203125000000000        1.29289321881345     
  0.204101562500000       -2.45001019984890     
  0.205078125000000       0.488197784361714     
  0.206054687500000        1.91282472684646     
  0.207031250000000       -1.29218883200296     
  0.208007812500000        1.31818136697198     
  0.208984375000000       -2.06808080177136     
  0.209960937500000      -0.245101954986687     
  0.210937500000000        2.33809309488449     
  0.211914062500000       -1.31881049849738     
  0.212890625000000        1.19154248777908     
  0.213867187500000       -1.56974586447382     
  0.214843750000000      -0.960457186746221     
  0.215820312500000        2.62157113869697     
  0.216796875000000       -1.18856010744371     
  0.217773437500000       0.931896714935026     
  0.218750000000000      -0.999999999999865     
  0.219726562500000       -1.60567642171947     
  0.220703125000000        2.73458101416920     
  0.221679687500000      -0.906113918696399     
  0.222656250000000       0.570276542713972     
  0.223632812500000      -0.408607155455688     
  0.224609375000000       -2.13433596143108     
  0.225585937500000        2.66192840819140     
  0.226562500000000      -0.490334029861728     
  0.227539062500000       0.146966606331760     
  0.228515625000000       0.154200130306975     
  0.229492187500000       -2.50957997595687     
  0.230468750000000        2.40332929804213     
  0.231445312500000       2.723777954267492E-002
  0.232421875000000      -0.292163503702832     
  0.233398437500000       0.642031613602039     
  0.234375000000000       -2.70710678118656     
  0.235351562500000        1.97357600015585     
  0.236328125000000       0.605004082639881     
  0.237304687500000      -0.699813293748727     
  0.238281250000000        1.01628945272005     
  0.239257812500000       -2.71708820294505     
  0.240234375000000        1.40142514329351     
  0.241210937500000        1.19482973686427     
  0.242187500000000       -1.03153013000802     
  0.243164062500000        1.24941832798946     
  0.244140625000000       -2.54486048895339     
  0.245117187500000       0.727299828964338     
  0.246093750000000        1.74615214513342     
  0.247070312500000       -1.24973978450350     
  0.248046875000000        1.32717727664282     
  0.249023437500000       -2.21033063351035     
  0.250000000000000       9.821933618642359E-015
  0.250976562500000        2.21033063351034     
  0.251953125000000       -1.32717727664282     
  0.252929687500000        1.24973978450345     
  0.253906250000000       -1.74615214513323     
  0.254882812500000      -0.727299828964318     
  0.255859375000000        2.54486048895348     
  0.256835937500000       -1.24941832798946     
  0.257812500000000        1.03153013000803     
  0.258789062500000       -1.19482973686429     
  0.259765625000000       -1.40142514329373     
  0.260742187500000        2.71708820294508     
  0.261718750000000       -1.01628945271994     
  0.262695312500000       0.699813293748737     
  0.263671875000000      -0.605004082639897     
  0.264648437500000       -1.97357600015584     
  0.265625000000000        2.70710678118656     
  0.266601562500000      -0.642031613602051     
  0.267578125000000       0.292163503702677     
  0.268554687500000      -2.723777954247553E-002
  0.269531250000000       -2.40332929804225     
  0.270507812500000        2.50957997595687     
  0.271484375000000      -0.154200130306989     
  0.272460937500000      -0.146966606331748     
  0.273437500000000       0.490334029861898     
  0.274414062500000       -2.66192840819146     
  0.275390625000000        2.13433596143092     
  0.276367187500000       0.408607155455898     
  0.277343750000000      -0.570276542714115     
  0.278320312500000       0.906113918696390     
  0.279296875000000       -2.73458101416920     
  0.280273437500000        1.60567642171949     
  0.281250000000000        1.00000000000008     
  0.282226562500000      -0.931896714935140     
  0.283203125000000        1.18856010744379     
  0.284179687500000       -2.62157113869698     
  0.285156250000000       0.960457186746239     
  0.286132812500000        1.56974586447381     
  0.287109375000000       -1.19154248777907     
  0.288085937500000        1.31881049849737     
  0.289062500000000       -2.33809309488436     
  0.290039062500000       0.245101954986423     
  0.291015625000000        2.06808080177152     
  0.291992187500000       -1.31818136697198     
  0.292968750000000        1.29218883200297     
  0.293945312500000       -1.91282472684648     
  0.294921875000000      -0.488197784361974     
  0.295898437500000        2.45001019984901     
  0.296875000000000       -1.29289321881341     
  0.297851562500000        1.11846581329517     
  0.298828125000000       -1.38536537070435     
  0.299804687500000       -1.18577365355519     
  0.300781250000000        2.67922867732512     
  0.301757812500000       -1.11067313998376     
  0.302734375000000       0.820855788784688     
  0.303710937500000      -0.802761175545906     
  0.304687500000000       -1.79689699473837     
  0.305664062500000        2.73132057869935     
  0.306640625000000      -0.781017960256686     
  0.307617187500000       0.433838880053635     
  0.308593750000000      -0.215418415673098     
  0.309570312500000       -2.27794527288993     
  0.310546875000000        2.59596384497008     
  0.311523437500000      -0.327242503144177     
  0.312500000000000      -1.205312422228363E-013
  0.313476562500000       0.327242503144258     
  0.314453125000000       -2.59596384497012     
  0.315429687500000        2.27794527288987     
  0.316406250000000       0.215418415673190     
  0.317382812500000      -0.433838880053702     
  0.318359375000000       0.781017960256902     
  0.319335937500000       -2.73132057869936     
  0.320312500000000        1.79689699473807     
  0.321289062500000       0.802761175546001     
  0.322265625000000      -0.820855788784878     
  0.323242187500000        1.11067313998380     
  0.324218750000000       -2.67922867732515     
  0.325195312500000        1.18577365355508     
  0.326171875000000        1.38536537070444     
  0.327148437500000       -1.11846581329521     
  0.328125000000000        1.29289321881343     
  0.329101562500000       -2.45001019984884     
  0.330078125000000       0.488197784361858     
  0.331054687500000        1.91282472684674     
  0.332031250000000       -1.29218883200298     
  0.333007812500000        1.31818136697195     
  0.333984375000000       -2.06808080177128     
  0.334960937500000      -0.245101954986540     
  0.335937500000000        2.33809309488441     
  0.336914062500000       -1.31881049849739     
  0.337890625000000        1.19154248777904     
  0.338867187500000       -1.56974586447372     
  0.339843750000000      -0.960457186746615     
  0.340820312500000        2.62157113869701     
  0.341796875000000       -1.18856010744367     
  0.342773437500000       0.931896714935090     
  0.343750000000000      -0.999999999999755     
  0.344726562500000       -1.60567642171958     
  0.345703125000000        2.73458101416919     
  0.346679687500000      -0.906113918696333     
  0.347656250000000       0.570276542714051     
  0.348632812500000      -0.408607155455804     
  0.349609375000000       -2.13433596143117     
  0.350585937500000        2.66192840819137     
  0.351562500000000      -0.490334029861823     
  0.352539062500000       0.146966606331508     
  0.353515625000000       0.154200130307074     
  0.354492187500000       -2.50957997595681     
  0.355468750000000        2.40332929804206     
  0.356445312500000       2.723777954256412E-002
  0.357421875000000      -0.292163503702746     
  0.358398437500000       0.642031613601952     
  0.359375000000000       -2.70710678118658     
  0.360351562500000        1.97357600015576     
  0.361328125000000       0.605004082640220     
  0.362304687500000      -0.699813293748797     
  0.363281250000000        1.01628945272011     
  0.364257812500000       -2.71708820294507     
  0.365234375000000        1.40142514329388     
  0.366210937500000        1.19482973686438     
  0.367187500000000       -1.03153013000796     
  0.368164062500000        1.24941832798949     
  0.369140625000000       -2.54486048895344     
  0.370117187500000       0.727299828964205     
  0.371093750000000        1.74615214513332     
  0.372070312500000       -1.24973978450353     
  0.373046875000000        1.32717727664282     
  0.374023437500000       -2.21033063351012     
  0.375000000000000      -1.273756467240565E-013
  0.375976562500000        2.21033063351026     
  0.376953125000000       -1.32717727664282     
  0.377929687500000        1.24973978450348     
  0.378906250000000       -1.74615214513334     
  0.379882812500000      -0.727299828964177     
  0.380859375000000        2.54486048895353     
  0.381835937500000       -1.24941832798943     
  0.382812500000000        1.03153013000787     
  0.383789062500000       -1.19482973686418     
  0.384765625000000       -1.40142514329385     
  0.385742187500000        2.71708820294506     
  0.386718750000000       -1.01628945272012     
  0.387695312500000       0.699813293748667     
  0.388671875000000      -0.605004082640015     
  0.389648437500000       -1.97357600015593     
  0.390625000000000        2.70710678118654     
  0.391601562500000      -0.642031613601969     
  0.392578125000000       0.292163503702597     
  0.393554687500000      -2.723777954237205E-002
  0.394531250000000       -2.40332929804218     
  0.395507812500000        2.50957997595671     
  0.396484375000000      -0.154200130306890     
  0.397460937500000      -0.146966606331660     
  0.398437500000000       0.490334029861986     
  0.399414062500000       -2.66192840819143     
  0.400390625000000        2.13433596143101     
  0.401367187500000       0.408607155455781     
  0.402343750000000      -0.570276542714190     
  0.403320312500000       0.906113918696456     
  0.404296875000000       -2.73458101416919     
  0.405273437500000        1.60567642171938     
  0.406250000000000       0.999999999999959     
  0.407226562500000      -0.931896714935077     
  0.408203125000000        1.18856010744375     
  0.409179687500000       -2.62157113869686     
  0.410156250000000       0.960457186746111     
  0.411132812500000        1.56974586447370     
  0.412109375000000       -1.19154248777903     
  0.413085937500000        1.31881049849738     
  0.414062500000000       -2.33809309488443     
  0.415039062500000       0.245101954986287     
  0.416015625000000        2.06808080177143     
  0.416992187500000       -1.31818136697197     
  0.417968750000000        1.29218883200295     
  0.418945312500000       -1.91282472684657     
  0.419921875000000      -0.488197784362109     
  0.420898437500000        2.45001019984895     
  0.421875000000000       -1.29289321881339     
  0.422851562500000        1.11846581329512     
  0.423828125000000       -1.38536537070446     
  0.424804687500000       -1.18577365355556     
  0.425781250000000        2.67922867732514     
  0.426757812500000       -1.11067313998381     
  0.427734375000000       0.820855788784892     
  0.428710937500000      -0.802761175546025     
  0.429687500000000       -1.79689699473805     
  0.430664062500000        2.73132057869934     
  0.431640625000000      -0.781017960256765     
  0.432617187500000       0.433838880053396     
  0.433593750000000      -0.215418415672992     
  0.434570312500000       -2.27794527289017     
  0.435546875000000        2.59596384497004     
  0.436523437500000      -0.327242503143888     
  0.437500000000000      -2.028497904284556E-013
  0.438476562500000       0.327242503144352     
  0.439453125000000       -2.59596384497008     
  0.440429687500000        2.27794527289011     
  0.441406250000000       0.215418415673075     
  0.442382812500000      -0.433838880053457     
  0.443359375000000       0.781017960256823     
  0.444335937500000       -2.73132057869935     
  0.445312500000000        1.79689699473796     
  0.446289062500000       0.802761175546111     
  0.447265625000000      -0.820855788784943     
  0.448242187500000        1.11067313998384     
  0.449218750000000       -2.67922867732512     
  0.450195312500000        1.18577365355496     
  0.451171875000000        1.38536537070454     
  0.452148437500000       -1.11846581329534     
  0.453125000000000        1.29289321881349     
  0.454101562500000       -2.45001019984890     
  0.455078125000000       0.488197784362003     
  0.456054687500000        1.91282472684664     
  0.457031250000000       -1.29218883200296     
  0.458007812500000        1.31818136697196     
  0.458984375000000       -2.06808080177137     
  0.459960937500000      -0.245101954986394     
  0.460937500000000        2.33809309488448     
  0.461914062500000       -1.31881049849738     
  0.462890625000000        1.19154248777900     
  0.463867187500000       -1.56974586447362     
  0.464843750000000      -0.960457186746744     
  0.465820312500000        2.62157113869705     
  0.466796875000000       -1.18856010744372     
  0.467773437500000       0.931896714935153     
  0.468750000000000      -0.999999999999873     
  0.469726562500000       -1.60567642171946     
  0.470703125000000        2.73458101416919     
  0.471679687500000      -0.906113918696404     
  0.472656250000000       0.570276542714131     
  0.473632812500000      -0.408607155455695     
  0.474609375000000       -2.13433596143108     
  0.475585937500000        2.66192840819134     
  0.476562500000000      -0.490334029861735     
  0.477539062500000       0.146966606331426     
  0.478515625000000       0.154200130307173     
  0.479492187500000       -2.50957997595686     
  0.480468750000000        2.40332929804200     
  0.481445312500000       2.723777954266748E-002
  0.482421875000000      -0.292163503702660     
  0.483398437500000       0.642031613601865     
  0.484375000000000       -2.70710678118656     
  0.485351562500000        1.97357600015586     
  0.486328125000000       0.605004082640102     
  0.487304687500000      -0.699813293748722     
  0.488281250000000        1.01628945272017     
  0.489257812500000       -2.71708820294505     
  0.490234375000000        1.40142514329376     
  0.491210937500000        1.19482973686449     
  0.492187500000000       -1.03153013000801     
  0.493164062500000        1.24941832798951     
  0.494140625000000       -2.54486048895339     
  0.495117187500000       0.727299828963799     
  0.496093750000000        1.74615214513361     
  0.497070312500000       -1.24973978450350     
  0.498046875000000        1.32717727664282     
  0.499023437500000       -2.21033063351020     
  0.500000000000000       1.964386723728472E-014
  0.500976562500000        2.21033063351018     
  0.501953125000000       -1.32717727664282     
  0.502929687500000        1.24973978450351     
  0.503906250000000       -1.74615214513324     
  0.504882812500000      -0.727299828964309     
  0.505859375000000        2.54486048895358     
  0.506835937500000       -1.24941832798940     
  0.507812500000000        1.03153013000781     
  0.508789062500000       -1.19482973686407     
  0.509765625000000       -1.40142514329372     
  0.510742187500000        2.71708820294511     
  0.511718750000000       -1.01628945271995     
  0.512695312500000       0.699813293748742     
  0.513671875000000      -0.605004082640134     
  0.514648437500000       -1.97357600015583     
  0.515625000000000        2.70710678118656     
  0.516601562500000      -0.642031613601888     
  0.517578125000000       0.292163503702683     
  0.518554687500000      -2.723777954226858E-002
  0.519531250000000       -2.40332929804225     
  0.520507812500000        2.50957997595665     
  0.521484375000000      -0.154200130306790     
  0.522460937500000      -0.146966606331742     
  0.523437500000000       0.490334029862075     
  0.524414062500000       -2.66192840819146     
  0.525390625000000        2.13433596143110     
  0.526367187500000       0.408607155455664     
  0.527343750000000      -0.570276542714110     
  0.528320312500000       0.906113918696385     
  0.529296875000000       -2.73458101416919     
  0.530273437500000        1.60567642171949     
  0.531250000000000       0.999999999999841     
  0.532226562500000      -0.931896714935136     
  0.533203125000000        1.18856010744370     
  0.534179687500000       -2.62157113869690     
  0.535156250000000       0.960457186746249     
  0.536132812500000        1.56974586447401     
  0.537109375000000       -1.19154248777914     
  0.538085937500000        1.31881049849741     
  0.539062500000000       -2.33809309488422     
  0.540039062500000       0.245101954986433     
  0.541015625000000        2.06808080177135     
  0.541992187500000       -1.31818136697196     
  0.542968750000000        1.29218883200297     
  0.543945312500000       -1.91282472684667     
  0.544921875000000      -0.488197784361964     
  0.545898437500000        2.45001019984889     
  0.546875000000000       -1.29289321881341     
  0.547851562500000        1.11846581329517     
  0.548828125000000       -1.38536537070414     
  0.549804687500000       -1.18577365355543     
  0.550781250000000        2.67922867732522     
  0.551757812500000       -1.11067313998366     
  0.552734375000000       0.820855788784692     
  0.553710937500000      -0.802761175546143     
  0.554687500000000       -1.79689699473836     
  0.555664062500000        2.73132057869935     
  0.556640625000000      -0.781017960256844     
  0.557617187500000       0.433838880053479     
  0.558593750000000      -0.215418415673106     
  0.559570312500000       -2.27794527289008     
  0.560546875000000        2.59596384497009     
  0.561523437500000      -0.327242503143989     
  0.562500000000000      -1.146380820516509E-013
  0.563476562500000       0.327242503144251     
  0.564453125000000       -2.59596384497021     
  0.565429687500000        2.27794527288988     
  0.566406250000000       0.215418415673403     
  0.567382812500000      -0.433838880053696     
  0.568359375000000       0.781017960256744     
  0.569335937500000       -2.73132057869934     
  0.570312500000000        1.79689699473808     
  0.571289062500000       0.802761175545993     
  0.572265625000000      -0.820855788784873     
  0.573242187500000        1.11067313998379     
  0.574218750000000       -2.67922867732515     
  0.575195312500000        1.18577365355509     
  0.576171875000000        1.38536537070443     
  0.577148437500000       -1.11846581329530     
  0.578125000000000        1.29289321881347     
  0.579101562500000       -2.45001019984873     
  0.580078125000000       0.488197784361588     
  0.581054687500000        1.91282472684692     
  0.582031250000000       -1.29218883200302     
  0.583007812500000        1.31818136697197     
  0.583984375000000       -2.06808080177146     
  0.584960937500000      -0.245101954986248     
  0.585937500000000        2.33809309488441     
  0.586914062500000       -1.31881049849739     
  0.587890625000000        1.19154248777904     
  0.588867187500000       -1.56974586447373     
  0.589843750000000      -0.960457186746606     
  0.590820312500000        2.62157113869701     
  0.591796875000000       -1.18856010744360     
  0.592773437500000       0.931896714934972     
  0.593750000000000      -0.999999999999535     
  0.594726562500000       -1.60567642171980     
  0.595703125000000        2.73458101416920     
  0.596679687500000      -0.906113918696202     
  0.597656250000000       0.570276542713902     
  0.598632812500000      -0.408607155455812     
  0.599609375000000       -2.13433596143099     
  0.600585937500000        2.66192840819137     
  0.601562500000000      -0.490334029861829     
  0.602539062500000       0.146966606331514     
  0.603515625000000       0.154200130307067     
  0.604492187500000       -2.50957997595680     
  0.605468750000000        2.40332929804207     
  0.606445312500000       2.723777954255668E-002
  0.607421875000000      -0.292163503702907     
  0.608398437500000       0.642031613602114     
  0.609375000000000       -2.70710678118662     
  0.610351562500000        1.97357600015557     
  0.611328125000000       0.605004082639984     
  0.612304687500000      -0.699813293748647     
  0.613281250000000        1.01628945272011     
  0.614257812500000       -2.71708820294507     
  0.615234375000000        1.40142514329388     
  0.616210937500000        1.19482973686437     
  0.617187500000000       -1.03153013000796     
  0.618164062500000        1.24941832798948     
  0.619140625000000       -2.54486048895344     
  0.620117187500000       0.727299828963941     
  0.621093750000000        1.74615214513351     
  0.622070312500000       -1.24973978450359     
  0.623046875000000        1.32717727664282     
  0.624023437500000       -2.21033063350997     
  0.625000000000000      -4.017708074094542E-013
  0.625976562500000        2.21033063351041     
  0.626953125000000       -1.32717727664282     
  0.627929687500000        1.24973978450354     
  0.628906250000000       -1.74615214513334     
  0.629882812500000      -0.727299828964167     
  0.630859375000000        2.54486048895352     
  0.631835937500000       -1.24941832798943     
  0.632812500000000        1.03153013000787     
  0.633789062500000       -1.19482973686418     
  0.634765625000000       -1.40142514329408     
  0.635742187500000        2.71708820294509     
  0.636718750000000       -1.01628945271977     
  0.637695312500000       0.699813293748817     
  0.638671875000000      -0.605004082639794     
  0.639648437500000       -1.97357600015573     
  0.640625000000000        2.70710678118650     
  0.641601562500000      -0.642031613601975     
  0.642578125000000       0.292163503702769     
  0.643554687500000      -2.723777954237938E-002
  0.644531250000000       -2.40332929804245     
  0.645507812500000        2.50957997595693     
  0.646484375000000      -0.154200130306897     
  0.647460937500000      -0.146966606331993     
  0.648437500000000       0.490334029861615     
  0.649414062500000       -2.66192840819142     
  0.650390625000000        2.13433596143084     
  0.651367187500000       0.408607155456451     
  0.652343750000000      -0.570276542714030     
  0.653320312500000       0.906113918696587     
  0.654296875000000       -2.73458101416920     
  0.655273437500000        1.60567642171915     
  0.656250000000000       0.999999999999724     
  0.657226562500000      -0.931896714935073     
  0.658203125000000        1.18856010744382     
  0.659179687500000       -2.62157113869710     
  0.660156250000000       0.960457186746386     
  0.661132812500000        1.56974586447390     
  0.662109375000000       -1.19154248777926     
  0.663085937500000        1.31881049849736     
  0.664062500000000       -2.33809309488429     
  0.665039062500000       0.245101954986014     
  0.666015625000000        2.06808080177195     
  0.666992187500000       -1.31818136697199     
  0.667968750000000        1.29218883200291     
  0.668945312500000       -1.91282472684639     
  0.669921875000000      -0.488197784361820     
  0.670898437500000        2.45001019984883     
  0.671875000000000       -1.29289321881343     
  0.672851562500000        1.11846581329503     
  0.673828125000000       -1.38536537070469     
  0.674804687500000       -1.18577365355530     
  0.675781250000000        2.67922867732520     
  0.676757812500000       -1.11067313998351     
  0.677734375000000       0.820855788784762     
  0.678710937500000      -0.802761175545803     
  0.679687500000000       -1.79689699473868     
  0.680664062500000        2.73132057869936     
  0.681640625000000      -0.781017960256617     
  0.682617187500000       0.433838880053240     
  0.683593750000000      -0.215418415672778     
  0.684570312500000       -2.27794527289000     
  0.685546875000000        2.59596384497013     
  0.686523437500000      -0.327242503144090     
  0.687500000000000      -3.674868868396942E-013
  0.688476562500000       0.327242503144150     
  0.689453125000000       -2.59596384497016     
  0.690429687500000        2.27794527288964     
  0.691406250000000       0.215418415672847     
  0.692382812500000      -0.433838880053612     
  0.693359375000000       0.781017960256971     
  0.694335937500000       -2.73132057869940     
  0.695312500000000        1.79689699473819     
  0.696289062500000       0.802761175546333     
  0.697265625000000      -0.820855788784804     
  0.698242187500000        1.11067313998374     
  0.699218750000000       -2.67922867732507     
  0.700195312500000        1.18577365355522     
  0.701171875000000        1.38536537070475     
  0.702148437500000       -1.11846581329506     
  0.703125000000000        1.29289321881345     
  0.704101562500000       -2.45001019984879     
  0.705078125000000       0.488197784361174     
  0.706054687500000        1.91282472684645     
  0.707031250000000       -1.29218883200300     
  0.708007812500000        1.31818136697194     
  0.708984375000000       -2.06808080177155     
  0.709960937500000      -0.245101954986667     
  0.710937500000000        2.33809309488462     
  0.711914062500000       -1.31881049849736     
  0.712890625000000        1.19154248777908     
  0.713867187500000       -1.56974586447384     
  0.714843750000000      -0.960457186746468     
  0.715820312500000        2.62157113869713     
  0.716796875000000       -1.18856010744380     
  0.717773437500000       0.931896714935035     
  0.718750000000000      -0.999999999999653     
  0.719726562500000       -1.60567642171923     
  0.720703125000000        2.73458101416920     
  0.721679687500000      -0.906113918696272     
  0.722656250000000       0.570276542713674     
  0.723632812500000      -0.408607155455929     
  0.724609375000000       -2.13433596143125     
  0.725585937500000        2.66192840819140     
  0.726562500000000      -0.490334029861559     
  0.727539062500000       0.146966606331602     
  0.728515625000000       0.154200130306960     
  0.729492187500000       -2.50957997595697     
  0.730468750000000        2.40332929804241     
  0.731445312500000       2.723777954244577E-002
  0.732421875000000      -0.292163503702821     
  0.733398437500000       0.642031613602364     
  0.734375000000000       -2.70710678118652     
  0.735351562500000        1.97357600015567     
  0.736328125000000       0.605004082640322     
  0.737304687500000      -0.699813293749153     
  0.738281250000000        1.01628945272004     
  0.739257812500000       -2.71708820294502     
  0.740234375000000        1.40142514329352     
  0.741210937500000        1.19482973686425     
  0.742187500000000       -1.03153013000790     
  0.743164062500000        1.24941832798945     
  0.744140625000000       -2.54486048895329     
  0.745117187500000       0.727299828964630     
  0.746093750000000        1.74615214513340     
  0.747070312500000       -1.24973978450356     
  0.748046875000000        1.32717727664281     
  0.749023437500000       -2.21033063351036     
  0.750000000000000      -2.547512934481130E-013
  0.750976562500000        2.21033063351064     
  0.751953125000000       -1.32717727664282     
  0.752929687500000        1.24973978450345     
  0.753906250000000       -1.74615214513305     
  0.754882812500000      -0.727299828964573     
  0.755859375000000        2.54486048895347     
  0.756835937500000       -1.24941832798946     
  0.757812500000000        1.03153013000793     
  0.758789062500000       -1.19482973686385     
  0.759765625000000       -1.40142514329347     
  0.760742187500000        2.71708820294508     
  0.761718750000000       -1.01628945271983     
  0.762695312500000       0.699813293748893     
  0.763671875000000      -0.605004082639913     
  0.764648437500000       -1.97357600015602     
  0.765625000000000        2.70710678118644     
  0.766601562500000      -0.642031613602062     
  0.767578125000000       0.292163503702522     
  0.768554687500000      -2.723777954206152E-002
  0.769531250000000       -2.40332929804238     
  0.770507812500000        2.50957997595677     
  0.771484375000000      -0.154200130307003     
  0.772460937500000      -0.146966606331906     
  0.773437500000000       0.490334029861521     
  0.774414062500000       -2.66192840819139     
  0.775390625000000        2.13433596143093     
  0.776367187500000       0.408607155456334     
  0.777343750000000      -0.570276542713950     
  0.778320312500000       0.906113918696517     
  0.779296875000000       -2.73458101416918     
  0.780273437500000        1.60567642171881     
  0.781250000000000        1.00000000000006     
  0.782226562500000      -0.931896714935254     
  0.783203125000000        1.18856010744378     
  0.784179687500000       -2.62157113869699     
  0.785156250000000       0.960457186745992     
  0.786132812500000        1.56974586447379     
  0.787109375000000       -1.19154248777922     
  0.788085937500000        1.31881049849735     
  0.789062500000000       -2.33809309488437     
  0.790039062500000       0.245101954986160     
  0.791015625000000        2.06808080177186     
  0.791992187500000       -1.31818136697198     
  0.792968750000000        1.29218883200293     
  0.793945312500000       -1.91282472684612     
  0.794921875000000      -0.488197784361675     
  0.795898437500000        2.45001019984900     
  0.796875000000000       -1.29289321881337     
  0.797851562500000        1.11846581329508     
  0.798828125000000       -1.38536537070436     
  0.799804687500000       -1.18577365355517     
  0.800781250000000        2.67922867732517     
  0.801757812500000       -1.11067313998356     
  0.802734375000000       0.820855788784832     
  0.803710937500000      -0.802761175545922     
  0.804687500000000       -1.79689699473857     
  0.805664062500000        2.73132057869937     
  0.806640625000000      -0.781017960256696     
  0.807617187500000       0.433838880053323     
  0.808593750000000      -0.215418415672450     
  0.809570312500000       -2.27794527288992     
  0.810546875000000        2.59596384497000     
  0.811523437500000      -0.327242503144191     
  0.812500000000000       6.178533470195861E-014
  0.813476562500000       0.327242503144439     
  0.814453125000000       -2.59596384497012     
  0.815429687500000        2.27794527288972     
  0.816406250000000       0.215418415673175     
  0.817382812500000      -0.433838880053529     
  0.818359375000000       0.781017960257198     
  0.819335937500000       -2.73132057869939     
  0.820312500000000        1.79689699473787     
  0.821289062500000       0.802761175546214     
  0.822265625000000      -0.820855788784734     
  0.823242187500000        1.11067313998369     
  0.824218750000000       -2.67922867732521     
  0.825195312500000        1.18577365355484     
  0.826171875000000        1.38536537070464     
  0.827148437500000       -1.11846581329520     
  0.828125000000000        1.29289321881343     
  0.829101562500000       -2.45001019984861     
  0.830078125000000       0.488197784361318     
  0.831054687500000        1.91282472684673     
  0.832031250000000       -1.29218883200298     
  0.833007812500000        1.31818136697191     
  0.833984375000000       -2.06808080177164     
  0.834960937500000      -0.245101954987087     
  0.835937500000000        2.33809309488454     
  0.836914062500000       -1.31881049849737     
  0.837890625000000        1.19154248777912     
  0.838867187500000       -1.56974586447395     
  0.839843750000000      -0.960457186746863     
  0.840820312500000        2.62157113869708     
  0.841796875000000       -1.18856010744368     
  0.842773437500000       0.931896714935098     
  0.843750000000000      -0.999999999999316     
  0.844726562500000       -1.60567642171911     
  0.845703125000000        2.73458101416921     
  0.846679687500000      -0.906113918696343     
  0.847656250000000       0.570276542714062     
  0.848632812500000      -0.408607155456046     
  0.849609375000000       -2.13433596143151     
  0.850585937500000        2.66192840819131     
  0.851562500000000      -0.490334029861653     
  0.852539062500000       0.146966606331689     
  0.853515625000000       0.154200130306854     
  0.854492187500000       -2.50957997595714     
  0.855468750000000        2.40332929804247     
  0.856445312500000       2.723777954276363E-002
  0.857421875000000      -0.292163503702735     
  0.858398437500000       0.642031613602614     
  0.859375000000000       -2.70710678118650     
  0.860351562500000        1.97357600015538     
  0.861328125000000       0.605004082640204     
  0.862304687500000      -0.699813293748787     
  0.863281250000000        1.01628945271998     
  0.864257812500000       -2.71708820294510     
  0.865234375000000        1.40142514329316     
  0.866210937500000        1.19482973686459     
  0.867187500000000       -1.03153013000806     
  0.868164062500000        1.24941832798942     
  0.869140625000000       -2.54486048895315     
  0.870117187500000       0.727299828964772     
  0.871093750000000        1.74615214513370     
  0.872070312500000       -1.24973978450353     
  0.873046875000000        1.32717727664281     
  0.874023437500000       -2.21033063351044     
  0.875000000000000      -6.761659680948519E-013
  0.875976562500000        2.21033063351056     
  0.876953125000000       -1.32717727664282     
  0.877929687500000        1.24973978450348     
  0.878906250000000       -1.74615214513355     
  0.879882812500000      -0.727299828964979     
  0.880859375000000        2.54486048895322     
  0.881835937500000       -1.24941832798937     
  0.882812500000000        1.03153013000798     
  0.883789062500000       -1.19482973686352     
  0.884765625000000       -1.40142514329335     
  0.885742187500000        2.71708820294512     
  0.886718750000000       -1.01628945271989     
  0.887695312500000       0.699813293748677     
  0.888671875000000      -0.605004082640031     
  0.889648437500000       -1.97357600015631     
  0.890625000000000        2.70710678118646     
  0.891601562500000      -0.642031613601812     
  0.892578125000000       0.292163503702609     
  0.893554687500000      -2.723777954260120E-002
  0.894531250000000       -2.40332929804258     
  0.895507812500000        2.50957997595705     
  0.896484375000000      -0.154200130306698     
  0.897460937500000      -0.146966606331818     
  0.898437500000000       0.490334029861791     
  0.899414062500000       -2.66192840819136     
  0.900390625000000        2.13433596143067     
  0.901367187500000       0.408607155456217     
  0.902343750000000      -0.570276542714179     
  0.903320312500000       0.906113918696446     
  0.904296875000000       -2.73458101416917     
  0.905273437500000        1.60567642171893     
  0.906250000000000        1.00000000000040     
  0.907226562500000      -0.931896714935191     
  0.908203125000000        1.18856010744374     
  0.909179687500000       -2.62157113869703     
  0.910156250000000       0.960457186746661     
  0.911132812500000        1.56974586447410     
  0.912109375000000       -1.19154248777918     
  0.913085937500000        1.31881049849738     
  0.914062500000000       -2.33809309488444     
  0.915039062500000       0.245101954985740     
  0.916015625000000        2.06808080177177     
  0.916992187500000       -1.31818136697201     
  0.917968750000000        1.29218883200295     
  0.918945312500000       -1.91282472684659     
  0.919921875000000      -0.488197784361530     
  0.920898437500000        2.45001019984918     
  0.921875000000000       -1.29289321881339     
  0.922851562500000        1.11846581329513     
  0.923828125000000       -1.38536537070448     
  0.924804687500000       -1.18577365355504     
  0.925781250000000        2.67922867732525     
  0.926757812500000       -1.11067313998361     
  0.927734375000000       0.820855788784632     
  0.928710937500000      -0.802761175546040     
  0.929687500000000       -1.79689699473888     
  0.930664062500000        2.73132057869938     
  0.931640625000000      -0.781017960256469     
  0.932617187500000       0.433838880053407     
  0.933593750000000      -0.215418415673007     
  0.934570312500000       -2.27794527288984     
  0.935546875000000        2.59596384497022     
  0.936523437500000      -0.327242503143902     
  0.937500000000000      -1.910634700860847E-013
  0.938476562500000       0.327242503144339     
  0.939453125000000       -2.59596384497007     
  0.940429687500000        2.27794527288949     
  0.941406250000000       0.215418415672618     
  0.942382812500000      -0.433838880053768     
  0.943359375000000       0.781017960256812     
  0.944335937500000       -2.73132057869941     
  0.945312500000000        1.79689699473841     
  0.946289062500000       0.802761175546554     
  0.947265625000000      -0.820855788784934     
  0.948242187500000        1.11067313998384     
  0.949218750000000       -2.67922867732513     
  0.950195312500000        1.18577365355549     
  0.951171875000000        1.38536537070496     
  0.952148437500000       -1.11846581329497     
  0.953125000000000        1.29289321881348     
  0.954101562500000       -2.45001019984891     
  0.955078125000000       0.488197784360904     
  0.956054687500000        1.91282472684626     
  0.957031250000000       -1.29218883200304     
  0.958007812500000        1.31818136697196     
  0.958984375000000       -2.06808080177138     
  0.959960937500000      -0.245101954986375     
  0.960937500000000        2.33809309488475     
  0.961914062500000       -1.31881049849734     
  0.962890625000000        1.19154248777901     
  0.963867187500000       -1.56974586447363     
  0.964843750000000      -0.960457186746194     
  0.965820312500000        2.62157113869720     
  0.966796875000000       -1.18856010744388     
  0.967773437500000       0.931896714934917     
  0.968750000000000      -0.999999999999888     
  0.969726562500000       -1.60567642171945     
  0.970703125000000        2.73458101416919     
  0.971679687500000      -0.906113918696140     
  0.972656250000000       0.570276542713833     
  0.973632812500000      -0.408607155455711     
  0.974609375000000       -2.13433596143107     
  0.975585937500000        2.66192840819121     
  0.976562500000000      -0.490334029861382     
  0.977539062500000       0.146966606331438     
  0.978515625000000       0.154200130307159     
  0.979492187500000       -2.50957997595685     
  0.980468750000000        2.40332929804228     
  0.981445312500000       2.723777954222406E-002
  0.982421875000000      -0.292163503702981     
  0.983398437500000       0.642031613602190     
  0.984375000000000       -2.70710678118655     
  0.985351562500000        1.97357600015587     
  0.986328125000000       0.605004082640543     
  0.987304687500000      -0.699813293749003     
  0.988281250000000        1.01628945272016     
  0.989257812500000       -2.71708820294505     
  0.990234375000000        1.40142514329280     
  0.991210937500000        1.19482973686402     
  0.992187500000000       -1.03153013000822     
  0.993164062500000        1.24941832798951     
  0.994140625000000       -2.54486048895340     
  0.995117187500000       0.727299828964366     
  0.996093750000000        1.74615214513320     
  0.997070312500000       -1.24973978450362     
  0.998046875000000        1.32717727664281     
  0.999023437500000       -2.21033063351021     
   1.00000000000000       3.928773447456944E-014
