           0  5.140106571697972E-006
           1  1.152509433781792E-007
           2  1.683430788771906E-008
           3  2.786531428167496E-008
           4  6.559950525172392E-008
           5  4.645926150215536E-008
           6  1.610338552182957E-008
           7  1.369418725856843E-007
           8  5.977494842073070E-008
           9  6.303842025370397E-008
          10  7.461502192656903E-008
          11  1.071251681309483E-007
          12  3.762066550938419E-008
          13  7.731421312756212E-008
          14  6.219841370217229E-008
          15  3.505151003601078E-008
          16  3.084885380548974E-008
          17  1.384880241870864E-007
          18  9.534403595907275E-008
          19  6.134525528644407E-008
          20  7.854650422013274E-008
          21  9.073824194243189E-008
          22  4.619139737730762E-008
          23  1.721631641851369E-007
          24  9.137227122199058E-008
          25  4.564318003124480E-008
          26  6.941674187392122E-008
          27  5.464939505759259E-008
          28  4.697806752763005E-008
          29  1.069681009040423E-007
          30  1.110422996982797E-007
          31  1.443507766590592E-007
          32  8.815173814893146E-008
          33  2.107804116757927E-008
          34  8.672931704577755E-008
          35  7.020436599956919E-008
          36  1.766903994274571E-007
          37  1.013379497880169E-007
          38  7.844379497643027E-008
          39  6.600791055116312E-008
          40  8.965892304824215E-008
          41  1.140234805463351E-007
          42  1.164697300283085E-007
          43  1.030866167344794E-007
          44  1.031103253460359E-007
          45  4.797365267238533E-008
          46  6.860166385207886E-008
          47  8.276977507520535E-008
          48  1.090563941836879E-007
          49  9.404511374419594E-008
          50  6.962900202759979E-008
          51  1.223128876126536E-007
          52  8.785307079000990E-008
          53  1.460355366607914E-007
          54  9.559985463769756E-008
          55  3.655165416336625E-008
          56  6.677968241927615E-008
          57  1.052372619665871E-007
          58  5.526080725941051E-008
          59  9.496040126614905E-008
          60  5.497256648967145E-008
          61  1.118693087524908E-007
          62  5.227749792141848E-009
          63  3.973106297770404E-008
          64  9.434846156823197E-008
          65  5.643042659149874E-008
          66  4.792286153946286E-008
          67  7.712952613132595E-008
          68  5.994129767727308E-008
          69  8.586498936507511E-008
          70  1.537803058030704E-007
          71  4.189666403050803E-008
          72  3.577797172737713E-008
          73  5.555696382716924E-008
          74  3.883182697987966E-008
          75  8.748290551963562E-008
          76  3.086178279410885E-008
          77  4.731160204372706E-008
          78  3.027045614417203E-008
          79  1.108582804947890E-007
          80  5.617626444545194E-008
          81  1.122479408051362E-008
          82  1.846252678618937E-007
          83  8.598424476342204E-008
          84  7.368580335837784E-008
          85  1.976630301581779E-008
          86  5.729243104448643E-008
          87  5.560839057977248E-008
          88  9.630986753448754E-008
          89  2.945814550925967E-008
          90  1.055577492595729E-007
          91  6.039264732521710E-008
          92  3.848048681384674E-008
          93  4.102772038590483E-008
          94  1.045560960549194E-007
          95  4.466603504065944E-008
          96  1.383698564662868E-007
          97  3.734492161544704E-008
          98  1.031225948560573E-007
          99  9.158940332414807E-008
         100  9.025575687012379E-008
         101  9.112633629077661E-008
         102  1.732393123636806E-007
         103  6.676926936808166E-008
         104  6.439266518037788E-008
         105  4.885052815219222E-008
         106  1.678411499039026E-007
         107  7.567129426247407E-008
         108  8.402651794827439E-009
         109  7.129719650843948E-009
         110  4.549787305927804E-008
         111  6.010478197170869E-008
         112  7.041453698809864E-008
         113  1.413116411669701E-008
         114  1.044678823067460E-007
         115  2.148658357849711E-008
         116  1.096860609863658E-007
         117  1.405194831838852E-007
         118  4.346582218933193E-008
         119  6.639449773127125E-008
         120  9.922913748842112E-008
         121  1.408359910991914E-007
         122  9.570372910722076E-008
         123  1.243622390965419E-007
         124  5.842840238869848E-008
         125  8.874857159557765E-008
         126  8.538558027922014E-008
         127  2.688185519671791E-008
         128  4.978271831285624E-008
         129  1.349372827752637E-007
         130  5.743629731105091E-008
         131  1.672554521959812E-007
         132  4.760107015859314E-008
         133  1.020828866369552E-007
         134  1.715520252554660E-007
         135  6.476366638610802E-008
         136  5.200747916949470E-008
         137  1.965675215956068E-007
         138  4.963241923021285E-008
         139  3.746258164645308E-008
         140  6.843788312415299E-008
         141  1.010831472238071E-007
         142  7.486215338932163E-008
         143  1.353534555791968E-007
         144  2.234886470379596E-008
         145  8.480163937580273E-008
         146  6.911361495337461E-008
         147  1.394944900236108E-007
         148  8.249438192538924E-008
         149  9.435032196270248E-008
         150  4.240326801959231E-008
         151  3.946334782276419E-008
         152  5.387078699472552E-008
         153  1.089536714140343E-007
         154  3.460776378271822E-008
         155  5.133314364655335E-008
         156  7.799976398364832E-008
         157  3.943632509339442E-008
         158  8.261678410428774E-008
         159  7.381607176767038E-008
         160  9.587470372634069E-008
         161  7.140167475731141E-008
         162  6.453920757561584E-008
         163  6.643699489096225E-008
         164  4.811041721397322E-008
         165  5.022847329883932E-008
         166  7.637438009066726E-008
         167  1.088220582914911E-007
         168  4.644541392182640E-008
         169  4.114781361539769E-008
         170  1.686398052378193E-008
         171  1.015405825930303E-007
         172  9.110183473492651E-008
         173  2.223492996656410E-008
         174  7.836135399976199E-008
         175  1.330335165908525E-007
         176  1.361577514475871E-007
         177  7.215294148124121E-008
         178  6.788555116986294E-008
         179  1.114718753032415E-007
         180  4.832112147234589E-008
         181  1.128404555457127E-007
         182  7.855185081399837E-008
         183  1.334062209725763E-007
         184  9.410316368268950E-008
         185  9.327419825231495E-009
         186  6.155128199220037E-008
         187  8.639004143793546E-008
         188  1.167917374249054E-007
         189  3.954639716739897E-008
         190  1.038069248617937E-007
         191  3.633573344238096E-008
         192  4.177463178402794E-008
         193  1.091725583204159E-007
         194  1.156187092230138E-007
         195  8.386853117410926E-008
         196  1.275531587401431E-007
         197  1.875920727911793E-008
         198  1.357462660782071E-007
         199  2.498629883647681E-008
         200   511.999999997038     
         201  2.221001518415015E-008
         202  1.208449070352662E-007
         203  3.824266646040363E-008
         204  7.547678372732821E-008
         205  3.798221983373662E-008
         206  4.260282101355419E-008
         207  7.249835305410968E-008
         208  1.217017222054198E-007
         209  1.027783267538595E-007
         210  6.268005671362879E-008
         211  7.717306244645352E-008
         212  4.836487368469350E-008
         213  7.789009506453367E-008
         214  1.955489142302513E-007
         215  1.230766967018225E-007
         216  1.142666044460992E-007
         217  8.929110295690838E-008
         218  7.301950463600549E-008
         219  4.501263575536305E-008
         220  9.634903155123949E-008
         221  8.393943746555001E-008
         222  1.033826684218974E-007
         223  3.330219413936813E-008
         224  1.270000053029596E-007
         225  4.189494320087242E-008
         226  5.320585537062898E-008
         227  6.131873788034451E-008
         228  5.513416626473256E-008
         229  6.351085416968973E-008
         230  1.140181500882306E-007
         231  6.241811659593144E-008
         232  9.494616535537848E-008
         233  2.801039737120567E-008
         234  4.054384117409738E-008
         235  8.338132121265103E-008
         236  1.120099973323874E-007
         237  7.219979702609227E-008
         238  8.911351446866670E-008
         239  1.060805247637506E-007
         240  2.850909612326784E-008
         241  1.212263457560602E-007
         242  3.989396728420147E-008
         243  1.118952517483735E-007
         244  1.159541273613624E-007
         245  8.118931179306644E-008
         246  4.394241962866093E-008
         247  8.060716181258085E-008
         248  3.875634900026981E-008
         249  1.170921686012392E-007
         250  4.943595084987304E-008
         251  9.963693698203896E-008
         252  4.470734362607858E-009
         253  1.214433160800139E-007
         254  5.675615420748354E-008
         255  1.299001110809470E-007
         256  8.038848775398755E-008
         257  6.281298550134843E-009
         258  3.332020256956249E-008
         259  9.208384202485024E-008
         260  9.975117905736045E-008
         261  1.149540617475194E-007
         262  6.871147771433237E-008
         263  1.335807891267415E-007
         264  2.486537398055079E-007
         265  1.683323510642841E-007
         266  8.988080837515028E-008
         267  2.087087514076290E-008
         268  5.800935054536286E-008
         269  1.611928007070311E-007
         270  7.228470347620559E-008
         271  3.684937914199785E-008
         272  8.321592391208968E-008
         273  5.700172212831910E-008
         274  2.727889386808756E-008
         275  1.670391968794548E-007
         276  7.233250224781760E-008
         277  1.282068776691154E-007
         278  2.042310313809995E-008
         279  1.060373316898515E-007
         280  5.912322479666942E-008
         281  5.435686981189397E-008
         282  1.137562826588645E-007
         283  8.962302802369129E-008
         284  1.699537364471232E-007
         285  4.035580247012570E-008
         286  1.362811418463302E-007
         287  6.104120632046970E-008
         288  1.539676042901115E-007
         289  2.001139915110240E-007
         290  7.743442502157894E-008
         291  9.567967944249862E-008
         292  9.108158412947462E-008
         293  8.765795081389975E-008
         294  2.452350799520590E-008
         295  1.088989096935737E-007
         296  7.469244927812977E-008
         297  5.278335199977809E-008
         298  8.301091629545464E-008
         299  1.362720981282182E-007
         300  1.290204137092422E-007
         301  5.461418078039319E-008
         302  1.790138406307672E-007
         303  5.795732344871032E-008
         304  3.048077864012696E-008
         305  7.899312749932766E-008
         306  3.118483517981956E-008
         307  7.721574205923436E-008
         308  7.417595199258747E-008
         309  1.090799713616709E-007
         310  4.643853831455923E-008
         311  5.656785720979627E-008
         312  8.313727702069076E-008
         313  4.924125075765289E-008
         314  5.582131103505520E-008
         315  8.651500580919479E-008
         316  1.092977199036454E-007
         317  8.862908105606962E-008
         318  7.574680371695952E-008
         319  1.784679742568482E-007
         320  2.685020245195653E-008
         321  2.168663057629267E-008
         322  1.294366204358347E-007
         323  3.438931441422551E-008
         324  8.575203746315408E-008
         325  8.726804906656270E-008
         326  6.193248014114190E-008
         327  1.790236515703514E-007
         328  6.443199651755544E-008
         329  8.043841938928640E-008
         330  1.733983480736203E-007
         331  3.844621265990974E-008
         332  6.205156104896229E-008
         333  6.682305493748793E-008
         334  9.151679773115270E-008
         335  1.462286495474341E-008
         336  3.842614660295707E-008
         337  1.413616051242938E-007
         338  1.911180217435578E-007
         339  7.571151614541494E-008
         340  1.405368691059888E-007
         341  9.466016680444557E-008
         342  8.805329707485931E-008
         343  6.685588678171686E-008
         344  9.085313923654332E-008
         345  1.041658170641373E-007
         346  4.936838314416025E-008
         347  1.618881872743807E-007
         348  4.580272940181034E-008
         349  6.435887660542658E-008
         350  4.210654560908869E-008
         351  7.240689656179308E-008
         352  4.544584972978269E-008
         353  5.485193210729234E-008
         354  1.250399330427729E-007
         355  5.442652895219451E-008
         356  8.905323279874907E-008
         357  9.946084844939500E-008
         358  1.740825784990316E-007
         359  7.445720603193201E-008
         360  8.240989890084428E-008
         361  1.095406781009529E-007
         362  6.269059415078735E-008
         363  2.938111025896962E-008
         364  7.178844505924289E-008
         365  9.911955081863196E-008
         366  5.567849788179253E-008
         367  1.211374044976289E-008
         368  3.778776639771533E-008
         369  8.230816796413572E-008
         370  1.109389164288490E-007
         371  9.968820809468036E-008
         372  2.173182991805477E-007
         373  1.030716886884860E-007
         374  4.545567736853842E-008
         375  1.015251556451795E-007
         376  2.331173520292939E-008
         377  2.144153231608336E-008
         378  7.616119187978462E-008
         379  2.697789621093571E-008
         380  1.212593630958652E-007
         381  1.135636695128819E-007
         382  6.957163161013740E-008
         383  9.798241890137309E-008
         384  7.962783655123172E-008
         385  3.722349634121932E-008
         386  1.531768001529682E-007
         387  8.314634762617433E-008
         388  1.162476920968060E-007
         389  7.693654632066593E-008
         390  9.574801231008650E-008
         391  2.738692657995778E-008
         392  1.555791604231924E-007
         393  9.191852121904367E-008
         394  9.553830521065299E-008
         395  6.590120176223227E-008
         396  1.168212342547367E-007
         397  1.126154500529869E-007
         398  4.685211008550282E-008
         399  2.622281302231583E-008
         400  5.208631768700835E-008
         401  1.742296270450426E-007
         402  7.072503822403619E-008
         403  7.085359216754817E-008
         404  3.181901404598569E-008
         405  2.152067102439265E-008
         406  2.080396277347690E-007
         407  5.135008093085626E-008
         408  4.010783459679501E-008
         409  7.121873799531514E-008
         410  1.174833657059398E-007
         411  1.013063185147815E-007
         412  6.631532471174620E-008
         413  3.628656971971926E-008
         414  1.133660037968481E-007
         415  2.399355110513963E-008
         416  1.163560216067878E-008
         417  5.859130493130584E-008
         418  5.170911569814011E-008
         419  6.072627927148952E-008
         420  9.509099416056999E-008
         421  1.184740461505814E-007
         422  6.304264519531827E-008
         423  1.116908585368600E-007
         424  5.176862038307666E-008
         425  8.077227286125485E-008
         426  9.036594343528198E-008
         427  1.055314933742314E-007
         428  3.828913216799320E-008
         429  5.388670177943594E-008
         430  7.975486529985606E-008
         431  7.585917383485499E-008
         432  5.932401312120823E-008
         433  3.540011228389193E-008
         434  1.144632315985210E-007
         435  1.251950800618167E-008
         436  6.330907201321190E-008
         437  1.028710271572521E-007
         438  1.109742642336395E-007
         439  6.451918224450795E-008
         440  6.496868887625386E-008
         441  8.725286965958167E-008
         442  1.522324131337495E-007
         443  1.052512385934254E-007
         444  4.171777234131107E-008
         445  2.233878291275173E-008
         446  1.178842525516421E-007
         447  9.070565383636077E-008
         448  1.028219580750974E-007
         449  2.930191721574319E-008
         450  7.388528108117132E-008
         451  4.889830058564665E-008
         452  7.329687795285999E-008
         453  9.914493922651287E-008
         454  1.143830453279897E-007
         455  5.783256008246932E-008
         456  1.828490491543524E-007
         457  2.812911153055067E-008
         458  7.273905076993293E-008
         459  8.070499892936972E-008
         460  3.808326048986282E-008
         461  9.259729983898446E-008
         462  1.006698081970874E-007
         463  2.567027491566917E-008
         464  6.464095533747358E-008
         465  5.186733660733697E-008
         466  1.146639410570615E-007
         467  1.771933307726754E-007
         468  5.470202196738520E-008
         469  7.366386120834623E-008
         470  1.031019972305414E-007
         471  5.578883571849763E-008
         472  1.113964837841413E-007
         473  7.363734705484720E-008
         474  1.454318416062598E-007
         475  1.563799861730538E-007
         476  6.560672882284398E-008
         477  1.166193483118688E-007
         478  1.428929756307801E-007
         479  1.815475653184357E-007
         480  1.294453007254164E-007
         481  6.757916264010284E-008
         482  4.159593186716679E-008
         483  8.150944717408024E-008
         484  5.716247260553833E-008
         485  1.022789629457053E-007
         486  1.324168449967208E-007
         487  3.688737424633677E-008
         488  7.660156575925896E-008
         489  8.705161469320173E-008
         490  1.137087204339995E-007
         491  1.747493553631974E-007
         492  6.026152486022727E-008
         493  3.000483326172705E-008
         494  1.402085079703591E-007
         495  5.768806907556679E-008
         496  5.618708713564659E-008
         497  1.164922627198806E-007
         498  7.013793287778021E-008
         499  4.829497293576983E-008
         500  1.057337102195998E-007
         501  5.911986303152847E-008
         502  1.621280958479199E-007
         503  3.789052086794289E-008
         504  7.436591950416982E-008
         505  7.242979309200719E-008
         506  5.730227207248604E-008
         507  7.065510046237795E-008
         508  1.029154846878632E-007
         509  5.109530117880970E-008
         510  9.797655039971102E-008
         511  7.274668766334407E-008
         512  3.632169399833738E-008
