  9.765625000000000E-004  0.941544072469711     
  1.953125000000000E-003  0.634393286274149     
  2.929687500000000E-003 -0.514102743265307     
  3.906250000000000E-003 -0.980785272289698     
  4.882812500000000E-003 -0.146730472386854     
  5.859375000000000E-003  0.881921266827161     
  6.835937500000000E-003  0.740951130521608     
  7.812500000000000E-003 -0.382683429071518     
  8.789062500000000E-003 -0.998795454769445     
  9.765625000000000E-003 -0.290284674809361     
  1.074218750000000E-002  0.803207537394672     
  1.171875000000000E-002  0.831469617245266     
  1.269531250000000E-002 -0.242980178579478     
  1.367187500000000E-002 -0.995184720956315     
  1.464843750000000E-002 -0.427555087524338     
  1.562500000000000E-002  0.707106781303752     
  1.660156250000000E-002  0.903989298501395     
  1.757812500000000E-002 -9.801713732124626E-002
  1.855468750000000E-002 -0.970031252942974     
  1.953125000000000E-002 -0.555570229183425     
  2.050781250000000E-002  0.595699305829075     
  2.148437500000000E-002  0.956940338903322     
  2.246093750000000E-002  4.906767614388315E-002
  2.343750000000000E-002 -0.923879530979893     
  2.441406250000000E-002 -0.671558952044784     
  2.539062500000000E-002  0.471396743253732     
  2.636718750000000E-002  0.989176515100528     
  2.734375000000000E-002  0.195090326661009     
  2.832031250000000E-002 -0.857728605895822     
  2.929687500000000E-002 -0.773010446625613     
  3.027343750000000E-002  0.336889862283993     
  3.125000000000000E-002   1.00000000678062     
  3.222656250000000E-002  0.336889857239140     
  3.320312500000000E-002 -0.773010452966321     
  3.417968750000000E-002 -0.857728608595164     
  3.515625000000000E-002  0.195090325548666     
  3.613281250000000E-002  0.989176512231082     
  3.710937500000000E-002  0.471396739136822     
  3.808593750000000E-002 -0.671558950132602     
  3.906250000000000E-002 -0.923879526406249     
  4.003906250000000E-002  4.906768036895693E-002
  4.101562500000000E-002  0.956940337576431     
  4.199218750000000E-002  0.595699307438775     
  4.296875000000000E-002 -0.555570224465887     
  4.394531250000000E-002 -0.970031244108513     
  4.492187500000000E-002 -9.801713850852915E-002
  4.589843750000000E-002  0.903989296255833     
  4.687500000000000E-002  0.707106786745721     
  4.785156250000000E-002 -0.427555090642611     
  4.882812500000000E-002 -0.995184724173267     
  4.980468750000000E-002 -0.242980176923096     
  5.078125000000000E-002  0.831469612676026     
  5.175781250000000E-002  0.803207537774554     
  5.273437500000000E-002 -0.290284676746449     
  5.371093750000000E-002 -0.998795448683250     
  5.468750000000000E-002 -0.382683430088137     
  5.566406250000000E-002  0.740951126786187     
  5.664062500000000E-002  0.881921267040375     
  5.761718750000000E-002 -0.146730474322530     
  5.859375000000000E-002 -0.980785275436158     
  5.957031250000000E-002 -0.514102737654372     
  6.054687500000000E-002  0.634393288100848     
  6.152343750000000E-002  0.941544070047339     
  6.250000000000000E-002  9.875866744012900E-009
  6.347656250000000E-002 -0.941544060644038     
  6.445312500000000E-002 -0.634393276805003     
  6.542968750000000E-002  0.514102751724145     
  6.640625000000000E-002  0.980785285205395     
  6.738281250000000E-002  0.146730475718552     
  6.835937500000000E-002 -0.881921255608853     
  6.933593750000000E-002 -0.740951122734644     
  7.031250000000000E-002  0.382683434916212     
  7.128906250000000E-002  0.998795460443298     
  7.226562500000000E-002  0.290284684010182     
  7.324218750000000E-002 -0.803207524236538     
  7.421875000000000E-002 -0.831469603057590     
  7.519531250000000E-002  0.242980186719324     
  7.617187500000000E-002  0.995184729331210     
  7.714843750000000E-002  0.427555100325493     
  7.812500000000000E-002 -0.707106778483948     
  7.910156250000000E-002 -0.903989283769571     
  8.007812500000000E-002  9.801714603857536E-002
  8.105468750000000E-002  0.970031261539186     
  8.203125000000000E-002  0.555570242034630     
  8.300781250000000E-002 -0.595699298713212     
  8.398437500000000E-002 -0.956940335593111     
  8.496093750000000E-002 -4.906766865337677E-002
  8.593750000000000E-002  0.923879538833564     
  8.691406250000000E-002  0.671558963547297     
  8.789062500000000E-002 -0.471396734221698     
  8.886718750000000E-002 -0.989176503689246     
  8.984375000000000E-002 -0.195090315168880     
  9.082031250000000E-002  0.857728617592256     
  9.179687500000000E-002  0.773010453644568     
  9.277343750000000E-002 -0.336889852187037     
  9.375000000000000E-002 -0.999999997134933     
  9.472656250000000E-002 -0.336889851525712     
  9.570312500000000E-002  0.773010455896300     
  9.667968750000000E-002  0.857728618856454     
  9.765625000000000E-002 -0.195090318561208     
  9.863281250000000E-002 -0.989176508672150     
  9.960937500000000E-002 -0.471396729163020     
  0.100585937500000       0.671558956019556     
  0.101562500000000       0.923879538654030     
  0.102539062500000      -4.906767193021729E-002
  0.103515625000000      -0.956940328215986     
  0.104492187500000      -0.595699297632662     
  0.105468750000000       0.555570236732777     
  0.106445312500000       0.970031262282312     
  0.107421875000000       9.801714086511890E-002
  0.108398437500000      -0.903989292052927     
  0.109375000000000      -0.707106772999443     
  0.110351562500000       0.427555100263983     
  0.111328125000000       0.995184728465628     
  0.112304687500000       0.242980182954753     
  0.113281250000000      -0.831469611251028     
  0.114257812500000      -0.803207524398900     
  0.115234375000000       0.290284681275094     
  0.116210937500000       0.998795462341500     
  0.117187500000000       0.382683441387532     
  0.118164062500000      -0.740951119668070     
  0.119140625000000      -0.881921255404925     
  0.120117187500000       0.146730474967992     
  0.121093750000000       0.980785284108246     
  0.122070312500000       0.514102753153329     
  0.123046875000000      -0.634393274223277     
  0.124023437500000      -0.941544062209751     
  0.125000000000000       1.105970964455784E-009
  0.125976562500000       0.941544074669622     
  0.126953125000000       0.634393284346875     
  0.127929687500000      -0.514102737565514     
  0.128906250000000      -0.980785278670374     
  0.129882812500000      -0.146730470811359     
  0.130859375000000       0.881921273207096     
  0.131835937500000       0.740951128265782     
  0.132812500000000      -0.382683431844559     
  0.133789062500000      -0.998795455363341     
  0.134765625000000      -0.290284676397662     
  0.135742187500000       0.803207538257986     
  0.136718750000000       0.831469614054768     
  0.137695312500000      -0.242980171678039     
  0.138671875000000      -0.995184725845063     
  0.139648437500000      -0.427555087306502     
  0.140625000000000       0.707106782617002     
  0.141601562500000       0.903989298970613     
  0.142578125000000      -9.801713586004900E-002
  0.143554687500000      -0.970031252042285     
  0.144531250000000      -0.555570228989634     
  0.145507812500000       0.595699308462150     
  0.146484375000000       0.956940338424712     
  0.147460937500000       4.906767744085260E-002
  0.148437500000000      -0.923879525923640     
  0.149414062500000      -0.671558947596089     
  0.150390625000000       0.471396745930479     
  0.151367187500000       0.989176512174596     
  0.152343750000000       0.195090328940104     
  0.153320312500000      -0.857728606445494     
  0.154296875000000      -0.773010448409122     
  0.155273437500000       0.336889860164948     
  0.156250000000000        1.00000000125104     
  0.157226562500000       0.336889854493551     
  0.158203125000000      -0.773010453112419     
  0.159179687500000      -0.857728608299276     
  0.160156250000000       0.195090323861318     
  0.161132812500000       0.989176511705475     
  0.162109375000000       0.471396742009314     
  0.163085937500000      -0.671558949121172     
  0.164062500000000      -0.923879523009209     
  0.165039062500000       4.906767980691638E-002
  0.166015625000000       0.956940341349675     
  0.166992187500000       0.595699307658361     
  0.167968750000000      -0.555570230574899     
  0.168945312500000      -0.970031243878691     
  0.169921875000000      -9.801713910728785E-002
  0.170898437500000       0.903989303100938     
  0.171875000000000       0.707106790756739     
  0.172851562500000      -0.427555090513277     
  0.173828125000000      -0.995184720831994     
  0.174804687500000      -0.242980178115441     
  0.175781250000000       0.831469619125272     
  0.176757812500000       0.803207535356694     
  0.177734375000000      -0.290284668240713     
  0.178710937500000      -0.998795447238911     
  0.179687500000000      -0.382683431356926     
  0.180664062500000       0.740951134292733     
  0.181640625000000       0.881921265925754     
  0.182617187500000      -0.146730470261142     
  0.183593750000000      -0.980785273743231     
  0.184570312500000      -0.514102741067834     
  0.185546875000000       0.634393284615810     
  0.186523437500000       0.941544069839311     
  0.187500000000000       9.680054394698770E-009
  0.188476562500000      -0.941544058276326     
  0.189453125000000      -0.634393282033293     
  0.190429687500000       0.514102753297282     
  0.191406250000000       0.980785281681176     
  0.192382812500000       0.146730479502021     
  0.193359375000000      -0.881921257811248     
  0.194335937500000      -0.740951116160768     
  0.195312500000000       0.382683435437517     
  0.196289062500000       0.998795458909751     
  0.197265625000000       0.290284686669372     
  0.198242187500000      -0.803207524030207     
  0.199218750000000      -0.831469605211653     
  0.200195312500000       0.242980185737814     
  0.201171875000000       0.995184727617775     
  0.202148437500000       0.427555098858549     
  0.203125000000000      -0.707106778879139     
  0.204101562500000      -0.903989292210287     
  0.205078125000000       9.801714365348745E-002
  0.206054687500000       0.970031263151338     
  0.207031250000000       0.555570239418965     
  0.208007812500000      -0.595699298135436     
  0.208984375000000      -0.956940330121867     
  0.209960937500000      -4.906767294793720E-002
  0.210937500000000       0.923879538984038     
  0.211914062500000       0.671558960907852     
  0.212890625000000      -0.471396731250728     
  0.213867187500000      -0.989176503239433     
  0.214843750000000      -0.195090320637701     
  0.215820312500000       0.857728612197078     
  0.216796875000000       0.773010455972225     
  0.217773437500000      -0.336889847529281     
  0.218750000000000      -0.999999993836849     
  0.219726562500000      -0.336889853284503     
  0.220703125000000       0.773010461224639     
  0.221679687500000       0.857728611405662     
  0.222656250000000      -0.195090317132721     
  0.223632812500000      -0.989176504696646     
  0.224609375000000      -0.471396730737934     
  0.225585937500000       0.671558958361409     
  0.226562500000000       0.923879542275293     
  0.227539062500000      -4.906766510994255E-002
  0.228515625000000      -0.956940327369467     
  0.229492187500000      -0.595699297912414     
  0.230468750000000       0.555570233306720     
  0.231445312500000       0.970031258606087     
  0.232421875000000       9.801714850531890E-002
  0.233398437500000      -0.903989284507105     
  0.234375000000000      -0.707106779467352     
  0.235351562500000       0.427555102573570     
  0.236328125000000       0.995184736074293     
  0.237304687500000       0.242980184603836     
  0.238281250000000      -0.831469603443590     
  0.239257812500000      -0.803207523056064     
  0.240234375000000       0.290284686328294     
  0.241210937500000       0.998795465536761     
  0.242187500000000       0.382683441904878     
  0.243164062500000      -0.740951116207872     
  0.244140625000000      -0.881921260937377     
  0.245117187500000       0.146730479339821     
  0.246093750000000       0.980785282028952     
  0.247070312500000       0.514102752313649     
  0.248046875000000      -0.634393281080038     
  0.249023437500000      -0.941544060051355     
  0.250000000000000       5.704376270634652E-009
  0.250976562500000       0.941544069087830     
  0.251953125000000       0.634393288287789     
  0.252929687500000      -0.514102741447345     
  0.253906250000000      -0.980785278667973     
  0.254882812500000      -0.146730470629815     
  0.255859375000000       0.881921271856493     
  0.256835937500000       0.740951133687610     
  0.257812500000000      -0.382683428954083     
  0.258789062500000      -0.998795454851179     
  0.259765625000000      -0.290284668664633     
  0.260742187500000       0.803207539256268     
  0.261718750000000       0.831469618232974     
  0.262695312500000      -0.242980174668909     
  0.263671875000000      -0.995184718296975     
  0.264648437500000      -0.427555090118888     
  0.265625000000000       0.707106785155780     
  0.266601562500000       0.903989297857209     
  0.267578125000000      -9.801713442395829E-002
  0.268554687500000      -0.970031248217987     
  0.269531250000000      -0.555570230451809     
  0.270507812500000       0.595699313064344     
  0.271484375000000       0.956940336140775     
  0.272460937500000       4.906767852341074E-002
  0.273437500000000      -0.923879526378485     
  0.274414062500000      -0.671558945079453     
  0.275390625000000       0.471396737733478     
  0.276367187500000       0.989176514047646     
  0.277343750000000       0.195090325062217     
  0.278320312500000      -0.857728607775586     
  0.279296875000000      -0.773010452016303     
  0.280273437500000       0.336889862992428     
  0.281250000000000        1.00000000005256     
  0.282226562500000       0.336889862700630     
  0.283203125000000      -0.773010443996360     
  0.284179687500000      -0.857728600759476     
  0.285156250000000       0.195090322217331     
  0.286132812500000       0.989176514257184     
  0.287109375000000       0.471396737833958     
  0.288085937500000      -0.671558948477367     
  0.289062500000000      -0.923879528193540     
  0.290039062500000       4.906767764404330E-002
  0.291015625000000       0.956940343798326     
  0.291992187500000       0.595699311605529     
  0.292968750000000      -0.555570227288094     
  0.293945312500000      -0.970031250576875     
  0.294921875000000      -9.801713980689122E-002
  0.295898437500000       0.903989298093689     
  0.296875000000000       0.707106785256746     
  0.297851562500000      -0.427555085328195     
  0.298828125000000      -0.995184719250050     
  0.299804687500000      -0.242980178259766     
  0.300781250000000       0.831469618313350     
  0.301757812500000       0.803207536064937     
  0.302734375000000      -0.290284669914617     
  0.303710937500000      -0.998795455559027     
  0.304687500000000      -0.382683423649614     
  0.305664062500000       0.740951134109101     
  0.306640625000000       0.881921273212878     
  0.307617187500000      -0.146730468479736     
  0.308593750000000      -0.980785274596950     
  0.309570312500000      -0.514102741391732     
  0.310546875000000       0.634393290484228     
  0.311523437500000       0.941544066851751     
  0.312500000000000       5.743997042781024E-009
  0.313476562500000      -0.941544064227320     
  0.314453125000000      -0.634393277356545     
  0.315429687500000       0.514102745369254     
  0.316406250000000       0.980785285657460     
  0.317382812500000       0.146730482674317     
  0.318359375000000      -0.881921263756162     
  0.319335937500000      -0.740951116310886     
  0.320312500000000       0.382683440671505     
  0.321289062500000       0.998795461510358     
  0.322265625000000       0.290284678246456     
  0.323242187500000      -0.803207527474640     
  0.324218750000000      -0.831469604009471     
  0.325195312500000       0.242980186926899     
  0.326171875000000       0.995184728944897     
  0.327148437500000       0.427555094608155     
  0.328125000000000      -0.707106778010884     
  0.329101562500000      -0.903989284642604     
  0.330078125000000       9.801715011719919E-002
  0.331054687500000       0.970031255154443     
  0.332031250000000       0.555570236989348     
  0.333007812500000      -0.595699295922368     
  0.333984375000000      -0.956940334741416     
  0.334960937500000      -4.906766953296277E-002
  0.335937500000000       0.923879535115353     
  0.336914062500000       0.671558956321182     
  0.337890625000000      -0.471396734223948     
  0.338867187500000      -0.989176501572213     
  0.339843750000000      -0.195090313337752     
  0.340820312500000       0.857728613032801     
  0.341796875000000       0.773010456596090     
  0.342773437500000      -0.336889845868948     
  0.343750000000000      -0.999999992042847     
  0.344726562500000      -0.336889849431269     
  0.345703125000000       0.773010453864533     
  0.346679687500000       0.857728619107886     
  0.347656250000000      -0.195090314988228     
  0.348632812500000      -0.989176506266310     
  0.349609375000000      -0.471396727615508     
  0.350585937500000       0.671558963908409     
  0.351562500000000       0.923879537143369     
  0.352539062500000      -4.906767189286979E-002
  0.353515625000000      -0.956940332990691     
  0.354492187500000      -0.595699303338981     
  0.355468750000000       0.555570238264143     
  0.356445312500000       0.970031255659922     
  0.357421875000000       9.801714402059319E-002
  0.358398437500000      -0.903989283257475     
  0.359375000000000      -0.707106774431544     
  0.360351562500000       0.427555099983936     
  0.361328125000000       0.995184733492070     
  0.362304687500000       0.242980180496856     
  0.363281250000000      -0.831469603693546     
  0.364257812500000      -0.803207522964673     
  0.365234375000000       0.290284678511908     
  0.366210937500000       0.998795456715489     
  0.367187500000000       0.382683436222276     
  0.368164062500000      -0.740951118080162     
  0.369140625000000      -0.881921259264248     
  0.370117187500000       0.146730475619762     
  0.371093750000000       0.980785282749107     
  0.372070312500000       0.514102752447564     
  0.373046875000000      -0.634393274966390     
  0.374023437500000      -0.941544055234026     
  0.375000000000000       5.045932842721473E-009
  0.375976562500000       0.941544073804628     
  0.376953125000000       0.634393290741784     
  0.377929687500000      -0.514102742641236     
  0.378906250000000      -0.980785271859741     
  0.379882812500000      -0.146730472284581     
  0.380859375000000       0.881921271073302     
  0.381835937500000       0.740951134689567     
  0.382812500000000      -0.382683425730612     
  0.383789062500000      -0.998795448117257     
  0.384765625000000      -0.290284670349432     
  0.385742187500000       0.803207534880568     
  0.386718750000000       0.831469613966031     
  0.387695312500000      -0.242980178673033     
  0.388671875000000      -0.995184717818697     
  0.389648437500000      -0.427555084372828     
  0.390625000000000       0.707106787951454     
  0.391601562500000       0.903989299896425     
  0.392578125000000      -9.801713649172066E-002
  0.393554687500000      -0.970031246784500     
  0.394531250000000      -0.555570230147637     
  0.395507812500000       0.595699310097406     
  0.396484375000000       0.956940337030871     
  0.397460937500000       4.906768254449281E-002
  0.398437500000000      -0.923879527687134     
  0.399414062500000      -0.671558948938970     
  0.400390625000000       0.471396737829394     
  0.401367187500000       0.989176510428326     
  0.402343750000000       0.195090323241301     
  0.403320312500000      -0.857728602129145     
  0.404296875000000      -0.773010443555320     
  0.405273437500000       0.336889856484275     
  0.406250000000000        1.00000000953653     
  0.407226562500000       0.336889854098181     
  0.408203125000000      -0.773010447283820     
  0.409179687500000      -0.857728600990876     
  0.410156250000000       0.195090328802248     
  0.411132812500000       0.989176512757298     
  0.412109375000000       0.471396745304106     
  0.413085937500000      -0.671558952147381     
  0.414062500000000      -0.923879524551872     
  0.415039062500000       4.906768376405348E-002
  0.416015625000000       0.956940341339248     
  0.416992187500000       0.595699304906548     
  0.417968750000000      -0.555570223622574     
  0.418945312500000      -0.970031248190018     
  0.419921875000000      -9.801713465552300E-002
  0.420898437500000       0.903989293250789     
  0.421875000000000       0.707106789690173     
  0.422851562500000      -0.427555087069306     
  0.423828125000000      -0.995184719601719     
  0.424804687500000      -0.242980171384846     
  0.425781250000000       0.831469618936252     
  0.426757812500000       0.803207534395692     
  0.427734375000000      -0.290284672609145     
  0.428710937500000      -0.998795450291098     
  0.429687500000000      -0.382683423476941     
  0.430664062500000       0.740951134323345     
  0.431640625000000       0.881921266905705     
  0.432617187500000      -0.146730466081466     
  0.433593750000000      -0.980785277396413     
  0.434570312500000      -0.514102741389592     
  0.435546875000000       0.634393291386340     
  0.436523437500000       0.941544068462637     
  0.437500000000000       9.954575945343480E-009
  0.438476562500000      -0.941544056156336     
  0.439453125000000      -0.634393277345000     
  0.440429687500000       0.514102745708125     
  0.441406250000000       0.980785284543622     
  0.442382812500000       0.146730484239240     
  0.443359375000000      -0.881921256762561     
  0.444335937500000      -0.740951117131405     
  0.445312500000000       0.382683438849806     
  0.446289062500000       0.998795458351844     
  0.447265625000000       0.290284685083563     
  0.448242187500000      -0.803207526403341     
  0.449218750000000      -0.831469607450029     
  0.450195312500000       0.242980186058838     
  0.451171875000000       0.995184727017828     
  0.452148437500000       0.427555102054734     
  0.453125000000000      -0.707106771948342     
  0.454101562500000      -0.903989292569661     
  0.455078125000000       9.801714978896038E-002
  0.456054687500000       0.970031254816894     
  0.457031250000000       0.555570239099360     
  0.458007812500000      -0.595699302421161     
  0.458984375000000      -0.956940325810183     
  0.459960937500000      -4.906767415268203E-002
  0.460937500000000       0.923879537589493     
  0.461914062500000       0.671558955842521     
  0.462890625000000      -0.471396736423894     
  0.463867187500000      -0.989176506669061     
  0.464843750000000      -0.195090316101282     
  0.465820312500000       0.857728619907580     
  0.466796875000000       0.773010460914521     
  0.467773437500000      -0.336889846989292     
  0.468750000000000      -0.999999997770078     
  0.469726562500000      -0.336889845922713     
  0.470703125000000       0.773010457566354     
  0.471679687500000       0.857728612162811     
  0.472656250000000      -0.195090319345722     
  0.473632812500000      -0.989176505201661     
  0.474609375000000      -0.471396730980483     
  0.475585937500000       0.671558961082456     
  0.476562500000000       0.923879542204782     
  0.477539062500000      -4.906766736223842E-002
  0.478515625000000      -0.956940333435890     
  0.479492187500000      -0.595699301488828     
  0.480468750000000       0.555570234507755     
  0.481445312500000       0.970031258514350     
  0.482421875000000       9.801714627503609E-002
  0.483398437500000      -0.903989293037799     
  0.484375000000000      -0.707106779817745     
  0.485351562500000       0.427555096749843     
  0.486328125000000       0.995184728459679     
  0.487304687500000       0.242980185995937     
  0.488281250000000      -0.831469605369901     
  0.489257812500000      -0.803207523310743     
  0.490234375000000       0.290284682631579     
  0.491210937500000       0.998795462235638     
  0.492187500000000       0.382683435522361     
  0.493164062500000      -0.740951123340758     
  0.494140625000000      -0.881921264286545     
  0.495117187500000       0.146730479150756     
  0.496093750000000       0.980785285200593     
  0.497070312500000       0.514102752537320     
  0.498046875000000      -0.634393275697930     
  0.499023437500000      -0.941544064327586     
  0.500000000000000       3.692817095140607E-009
  0.500976562500000       0.941544065209763     
  0.501953125000000       0.634393288956079     
  0.502929687500000      -0.514102742873923     
  0.503906250000000      -0.980785276189926     
  0.504882812500000      -0.146730470364276     
  0.505859375000000       0.881921264574365     
  0.506835937500000       0.740951134334682     
  0.507812500000000      -0.382683428148056     
  0.508789062500000      -0.998795448780140     
  0.509765625000000      -0.290284668655292     
  0.510742187500000       0.803207534513414     
  0.511718750000000       0.831469616375521     
  0.512695312500000      -0.242980171441836     
  0.513671875000000      -0.995184717086531     
  0.514648437500000      -0.427555087931180     
  0.515625000000000       0.707106785337384     
  0.516601562500000       0.903989295592501     
  0.517578125000000      -9.801713826755301E-002
  0.518554687500000      -0.970031249594908     
  0.519531250000000      -0.555570228794048     
  0.520507812500000       0.595699313222897     
  0.521484375000000       0.956940337547458     
  0.522460937500000       4.906767602084573E-002
  0.523437500000000      -0.923879527044078     
  0.524414062500000      -0.671558953651130     
  0.525390625000000       0.471396737999320     
  0.526367187500000       0.989176513630369     
  0.527343750000000       0.195090322273563     
  0.528320312500000      -0.857728602311912     
  0.529296875000000      -0.773010451432142     
  0.530273437500000       0.336889855988142     
  0.531250000000000        1.00000000882282     
  0.532226562500000       0.336889858288233     
  0.533203125000000      -0.773010447065243     
  0.534179687500000      -0.857728604081931     
  0.535156250000000       0.195090329236216     
  0.536132812500000       0.989176514149302     
  0.537109375000000       0.471396742486134     
  0.538085937500000      -0.671558951389217     
  0.539062500000000      -0.923879524098998     
  0.540039062500000       4.906768409242020E-002
  0.541015625000000       0.956940344689023     
  0.541992187500000       0.595699313157657     
  0.542968750000000      -0.555570230577481     
  0.543945312500000      -0.970031249238751     
  0.544921875000000      -9.801713262738795E-002
  0.545898437500000       0.903989298961180     
  0.546875000000000       0.707106789756191     
  0.547851562500000      -0.427555084671874     
  0.548828125000000      -0.995184722665806     
  0.549804687500000      -0.242980178965671     
  0.550781250000000       0.831469615588985     
  0.551757812500000       0.803207540703896     
  0.552734375000000      -0.290284672535907     
  0.553710937500000      -0.998795454866607     
  0.554687500000000      -0.382683432064915     
  0.555664062500000       0.740951131249545     
  0.556640625000000       0.881921272872003     
  0.557617187500000      -0.146730472980375     
  0.558593750000000      -0.980785278757590     
  0.559570312500000      -0.514102735269153     
  0.560546875000000       0.634393289594965     
  0.561523437500000       0.941544072810477     
  0.562500000000000       7.238361930877909E-009
  0.563476562500000      -0.941544064118486     
  0.564453125000000      -0.634393283249955     
  0.565429687500000       0.514102749317795     
  0.566406250000000       0.980785281659441     
  0.567382812500000       0.146730479136453     
  0.568359375000000      -0.881921260456898     
  0.569335937500000      -0.740951116846202     
  0.570312500000000       0.382683439789724     
  0.571289062500000       0.998795465891333     
  0.572265625000000       0.290284682059412     
  0.573242187500000      -0.803207522649158     
  0.574218750000000      -0.831469607248771     
  0.575195312500000       0.242980187713072     
  0.576171875000000       0.995184728023670     
  0.577148437500000       0.427555098110331     
  0.578125000000000      -0.707106776290331     
  0.579101562500000      -0.903989286578730     
  0.580078125000000       9.801714877207386E-002
  0.581054687500000       0.970031258997512     
  0.582031250000000       0.555570233673901     
  0.583007812500000      -0.595699303469807     
  0.583984375000000      -0.956940327209837     
  0.584960937500000      -4.906767036641019E-002
  0.585937500000000       0.923879535861461     
  0.586914062500000       0.671558964129234     
  0.587890625000000      -0.471396733362464     
  0.588867187500000      -0.989176502144956     
  0.589843750000000      -0.195090316638675     
  0.590820312500000       0.857728615073212     
  0.591796875000000       0.773010454817278     
  0.592773437500000      -0.336889850979601     
  0.593750000000000      -0.999999992323415     
  0.594726562500000      -0.336889853020652     
  0.595703125000000       0.773010462021179     
  0.596679687500000       0.857728610921358     
  0.597656250000000      -0.195090315110793     
  0.598632812500000      -0.989176502166439     
  0.599609375000000      -0.471396736710166     
  0.600585937500000       0.671558956356497     
  0.601562500000000       0.923879533441546     
  0.602539062500000      -4.906766581858039E-002
  0.603515625000000      -0.956940329263104     
  0.604492187500000      -0.595699299321598     
  0.605468750000000       0.555570240434472     
  0.606445312500000       0.970031260950902     
  0.607421875000000       9.801714935963449E-002
  0.608398437500000      -0.903989285239697     
  0.609375000000000      -0.707106779406987     
  0.610351562500000       0.427555097495508     
  0.611328125000000       0.995184726702644     
  0.612304687500000       0.242980181359200     
  0.613281250000000      -0.831469611318574     
  0.614257812500000      -0.803207528182626     
  0.615234375000000       0.290284683849556     
  0.616210937500000       0.998795462304177     
  0.617187500000000       0.382683438979208     
  0.618164062500000      -0.740951123370537     
  0.619140625000000      -0.881921262988716     
  0.620117187500000       0.146730477573654     
  0.621093750000000       0.980785285444635     
  0.622070312500000       0.514102746641116     
  0.623046875000000      -0.634393278685903     
  0.624023437500000      -0.941544061160140     
  0.625000000000000       5.708838761060052E-009
  0.625976562500000       0.941544067378156     
  0.626953125000000       0.634393293241847     
  0.627929687500000      -0.514102739515285     
  0.628906250000000      -0.980785275682505     
  0.629882812500000      -0.146730466316040     
  0.630859375000000       0.881921269269672     
  0.631835937500000       0.740951127136262     
  0.632812500000000      -0.382683425864999     
  0.633789062500000      -0.998795455887134     
  0.634765625000000      -0.290284669050033     
  0.635742187500000       0.803207537521654     
  0.636718750000000       0.831469612401363     
  0.637695312500000      -0.242980172967886     
  0.638671875000000      -0.995184726085539     
  0.639648437500000      -0.427555083462438     
  0.640625000000000       0.707106784846915     
  0.641601562500000       0.903989298824545     
  0.642578125000000      -9.801713567694191E-002
  0.643554687500000      -0.970031252821341     
  0.644531250000000      -0.555570232452673     
  0.645507812500000       0.595699313077425     
  0.646484375000000       0.956940344142783     
  0.647460937500000       4.906767525399665E-002
  0.648437500000000      -0.923879524788481     
  0.649414062500000      -0.671558950178087     
  0.650390625000000       0.471396746628386     
  0.651367187500000       0.989176510083900     
  0.652343750000000       0.195090327201234     
  0.653320312500000      -0.857728602743983     
  0.654296875000000      -0.773010445947016     
  0.655273437500000       0.336889860151922     
  0.656250000000000        1.00000000272095     
  0.657226562500000       0.336889858495778     
  0.658203125000000      -0.773010443737943     
  0.659179687500000      -0.857728607914286     
  0.660156250000000       0.195090329108833     
  0.661132812500000       0.989176512556885     
  0.662109375000000       0.471396746494883     
  0.663085937500000      -0.671558954773722     
  0.664062500000000      -0.923879528036217     
  0.665039062500000       4.906767478140599E-002
  0.666015625000000       0.956940340791293     
  0.666992187500000       0.595699312528032     
  0.667968750000000      -0.555570231924648     
  0.668945312500000      -0.970031244187093     
  0.669921875000000      -9.801713908181088E-002
  0.670898437500000       0.903989294654901     
  0.671875000000000       0.707106784108326     
  0.672851562500000      -0.427555087237429     
  0.673828125000000      -0.995184720450053     
  0.674804687500000      -0.242980178610862     
  0.675781250000000       0.831469614928919     
  0.676757812500000       0.803207534682530     
  0.677734375000000      -0.290284673355607     
  0.678710937500000      -0.998795454102017     
  0.679687500000000      -0.382683429224036     
  0.680664062500000       0.740951129976602     
  0.681640625000000       0.881921267134909     
  0.682617187500000      -0.146730472005696     
  0.683593750000000      -0.980785271167860     
  0.684570312500000      -0.514102737231148     
  0.685546875000000       0.634393284543077     
  0.686523437500000       0.941544065598447     
  0.687500000000000       7.756171733072709E-011
  0.688476562500000      -0.941544058110701     
  0.689453125000000      -0.634393282803893     
  0.690429687500000       0.514102745200644     
  0.691406250000000       0.980785286636272     
  0.692382812500000       0.146730476135439     
  0.693359375000000      -0.881921257298345     
  0.694335937500000      -0.740951124337114     
  0.695312500000000       0.382683437185604     
  0.696289062500000       0.998795465554332     
  0.697265625000000       0.290284683674888     
  0.698242187500000      -0.803207530505865     
  0.699218750000000      -0.831469608554869     
  0.700195312500000       0.242980187476488     
  0.701171875000000       0.995184729595907     
  0.702148437500000       0.427555101662490     
  0.703125000000000      -0.707106774364238     
  0.704101562500000      -0.903989285934138     
  0.705078125000000       9.801714571145449E-002
  0.706054687500000       0.970031256075698     
  0.707031250000000       0.555570235863760     
  0.708007812500000      -0.595699295004114     
  0.708984375000000      -0.956940327821999     
  0.709960937500000      -4.906766608837295E-002
  0.710937500000000       0.923879539138038     
  0.711914062500000       0.671558955444572     
  0.712890625000000      -0.471396726946174     
  0.713867187500000      -0.989176503485546     
  0.714843750000000      -0.195090316530523     
  0.715820312500000       0.857728619907264     
  0.716796875000000       0.773010460117574     
  0.717773437500000      -0.336889852126502     
  0.718750000000000      -0.999999997147814     
  0.719726562500000      -0.336889847843658     
  0.720703125000000       0.773010453579151     
  0.721679687500000       0.857728615878916     
  0.722656250000000      -0.195090316923859     
  0.723632812500000      -0.989176507220832     
  0.724609375000000      -0.471396732803179     
  0.725585937500000       0.671558956281645     
  0.726562500000000       0.923879539054414     
  0.727539062500000      -4.906767059180285E-002
  0.728515625000000      -0.956940333505193     
  0.729492187500000      -0.595699294665272     
  0.730468750000000       0.555570233299668     
  0.731445312500000       0.970031259278305     
  0.732421875000000       9.801714793698711E-002
  0.733398437500000      -0.903989286655425     
  0.734375000000000      -0.707106780621818     
  0.735351562500000       0.427555094265970     
  0.736328125000000       0.995184729434166     
  0.737304687500000       0.242980186316957     
  0.738281250000000      -0.831469610347999     
  0.739257812500000      -0.803207527168013     
  0.740234375000000       0.290284678939726     
  0.741210937500000       0.998795464209520     
  0.742187500000000       0.382683432382897     
  0.743164062500000      -0.740951123099259     
  0.744140625000000      -0.881921259929692     
  0.745117187500000       0.146730480736511     
  0.746093750000000       0.980785286530047     
  0.747070312500000       0.514102744805769     
  0.748046875000000      -0.634393279943853     
  0.749023437500000      -0.941544062550845     
  0.750000000000000       4.106755056117784E-009
  0.750976562500000       0.941544067751038     
  0.751953125000000       0.634393291642108     
  0.752929687500000      -0.514102742139183     
  0.753906250000000      -0.980785278164481     
  0.754882812500000      -0.146730472212709     
  0.755859375000000       0.881921268573118     
  0.756835937500000       0.740951127688643     
  0.757812500000000      -0.382683424002845     
  0.758789062500000      -0.998795446641247     
  0.759765625000000      -0.290284667947196     
  0.760742187500000       0.803207540694022     
  0.761718750000000       0.831469620958016     
  0.762695312500000      -0.242980177676296     
  0.763671875000000      -0.995184725868999     
  0.764648437500000      -0.427555092382492     
  0.765625000000000       0.707106785863422     
  0.766601562500000       0.903989302518814     
  0.767578125000000      -9.801713468192136E-002
  0.768554687500000      -0.970031246736491     
  0.769531250000000      -0.555570232547621     
  0.770507812500000       0.595699313631320     
  0.771484375000000       0.956940345158019     
  0.772460937500000       4.906768088661785E-002
  0.773437500000000      -0.923879530979113     
  0.774414062500000      -0.671558950856212     
  0.775390625000000       0.471396737613490     
  0.776367187500000       0.989176510767288     
  0.777343750000000       0.195090324613219     
  0.778320312500000      -0.857728603857673     
  0.779296875000000      -0.773010453343255     
  0.780273437500000       0.336889856787452     
  0.781250000000000        1.00000000092589     
  0.782226562500000       0.336889856463307     
  0.783203125000000      -0.773010449200617     
  0.784179687500000      -0.857728608047530     
  0.785156250000000       0.195090324301292     
  0.786132812500000       0.989176514078549     
  0.787109375000000       0.471396744639278     
  0.788085937500000      -0.671558953046415     
  0.789062500000000      -0.923879523895378     
  0.790039062500000       4.906767640037465E-002
  0.791015625000000       0.956940335963263     
  0.791992187500000       0.595699312783690     
  0.792968750000000      -0.555570224246938     
  0.793945312500000      -0.970031250073472     
  0.794921875000000      -9.801713787193439E-002
  0.795898437500000       0.903989297091850     
  0.796875000000000       0.707106790792588     
  0.797851562500000      -0.427555090042913     
  0.798828125000000      -0.995184725600790     
  0.799804687500000      -0.242980173170238     
  0.800781250000000       0.831469621954803     
  0.801757812500000       0.803207539087670     
  0.802734375000000      -0.290284671692445     
  0.803710937500000      -0.998795449349798     
  0.804687500000000      -0.382683422468248     
  0.805664062500000       0.740951133151789     
  0.806640625000000       0.881921266157137     
  0.807617187500000      -0.146730466445523     
  0.808593750000000      -0.980785270826058     
  0.809570312500000      -0.514102734917038     
  0.810546875000000       0.634393293436019     
  0.811523437500000       0.941544066313129     
  0.812500000000000       9.423234470032508E-009
  0.813476562500000      -0.941544057029913     
  0.814453125000000      -0.634393277182733     
  0.815429687500000       0.514102753956122     
  0.816406250000000       0.980785287936695     
  0.817382812500000       0.146730474732457     
  0.818359375000000      -0.881921260866359     
  0.819335937500000      -0.740951123102628     
  0.820312500000000       0.382683433007894     
  0.821289062500000       0.998795459158791     
  0.822265625000000       0.290284685577413     
  0.823242187500000      -0.803207527153522     
  0.824218750000000      -0.831469612096322     
  0.825195312500000       0.242980185416232     
  0.826171875000000       0.995184733609219     
  0.827148437500000       0.427555102296374     
  0.828125000000000      -0.707106777415416     
  0.829101562500000      -0.903989287856817     
  0.830078125000000       9.801714501077947E-002
  0.831054687500000       0.970031262252560     
  0.832031250000000       0.555570237987115     
  0.833007812500000      -0.595699304392179     
  0.833984375000000      -0.956940331821794     
  0.834960937500000      -4.906767089165747E-002
  0.835937500000000       0.923879532917371     
  0.836914062500000       0.671558958472820     
  0.837890625000000      -0.471396736278506     
  0.838867187500000      -0.989176505350343     
  0.839843750000000      -0.195090315110146     
  0.840820312500000       0.857728613915213     
  0.841796875000000       0.773010456456464     
  0.842773437500000      -0.336889852051874     
  0.843750000000000      -0.999999994535961     
  0.844726562500000      -0.336889844205162     
  0.845703125000000       0.773010455695763     
  0.846679687500000       0.857728610255791     
  0.847656250000000      -0.195090313599841     
  0.848632812500000      -0.989176500390892     
  0.849609375000000      -0.471396728195069     
  0.850585937500000       0.671558961999469     
  0.851562500000000       0.923879535728649     
  0.852539062500000      -4.906766944676285E-002
  0.853515625000000      -0.956940325877111     
  0.854492187500000      -0.595699299090413     
  0.855468750000000       0.555570241119036     
  0.856445312500000       0.970031260295723     
  0.857421875000000       9.801714866554481E-002
  0.858398437500000      -0.903989288118817     
  0.859375000000000      -0.707106772766916     
  0.860351562500000       0.427555100627084     
  0.861328125000000       0.995184735609232     
  0.862304687500000       0.242980189895376     
  0.863281250000000      -0.831469610591231     
  0.864257812500000      -0.803207528469529     
  0.865234375000000       0.290284685097404     
  0.866210937500000       0.998795458087113     
  0.867187500000000       0.382683441539130     
  0.868164062500000      -0.740951121612708     
  0.869140625000000      -0.881921256957617     
  0.870117187500000       0.146730475465079     
  0.871093750000000       0.980785285504883     
  0.872070312500000       0.514102744779246     
  0.873046875000000      -0.634393274893334     
  0.874023437500000      -0.941544061259897     
  0.875000000000000       6.128288351980004E-010
  0.875976562500000       0.941544070426328     
  0.876953125000000       0.634393293597708     
  0.877929687500000      -0.514102741167869     
  0.878906250000000      -0.980785271885527     
  0.879882812500000      -0.146730466104750     
  0.880859375000000       0.881921267471371     
  0.881835937500000       0.740951132253836     
  0.882812500000000      -0.382683423346759     
  0.883789062500000      -0.998795450544709     
  0.884765625000000      -0.290284669678685     
  0.885742187500000       0.803207540604894     
  0.886718750000000       0.831469620272644     
  0.887695312500000      -0.242980175102853     
  0.888671875000000      -0.995184723767604     
  0.889648437500000      -0.427555091622890     
  0.890625000000000       0.707106790219214     
  0.891601562500000       0.903989298115488     
  0.892578125000000      -9.801713491257247E-002
  0.893554687500000      -0.970031250232508     
  0.894531250000000      -0.555570228358341     
  0.895507812500000       0.595699310797489     
  0.896484375000000       0.956940338569547     
  0.897460937500000       4.906767459814585E-002
  0.898437500000000      -0.923879524227168     
  0.899414062500000      -0.671558945159133     
  0.900390625000000       0.471396745537930     
  0.901367187500000       0.989176516583978     
  0.902343750000000       0.195090322577343     
  0.903320312500000      -0.857728608449333     
  0.904296875000000      -0.773010445565787     
  0.905273437500000       0.336889858371607     
  0.906250000000000        1.00000000661768     
  0.907226562500000       0.336889861685109     
  0.908203125000000      -0.773010446203128     
  0.909179687500000      -0.857728608958856     
  0.910156250000000       0.195090326957234     
  0.911132812500000       0.989176515393531     
  0.912109375000000       0.471396740005673     
  0.913085937500000      -0.671558949424629     
  0.914062500000000      -0.923879526955252     
  0.915039062500000       4.906767958021732E-002
  0.916015625000000       0.956940343375763     
  0.916992187500000       0.595699306630664     
  0.917968750000000      -0.555570225947418     
  0.918945312500000      -0.970031247675292     
  0.919921875000000      -9.801713589953374E-002
  0.920898437500000       0.903989303094152     
  0.921875000000000       0.707106782106715     
  0.922851562500000      -0.427555090199875     
  0.923828125000000      -0.995184723360583     
  0.924804687500000      -0.242980174149902     
  0.925781250000000       0.831469614359782     
  0.926757812500000       0.803207534677930     
  0.927734375000000      -0.290284674569749     
  0.928710937500000      -0.998795448823117     
  0.929687500000000      -0.382683431899015     
  0.930664062500000       0.740951133355156     
  0.931640625000000       0.881921271372670     
  0.932617187500000      -0.146730467964666     
  0.933593750000000      -0.980785277398530     
  0.934570312500000      -0.514102734383205     
  0.935546875000000       0.634393290708398     
  0.936523437500000       0.941544072383618     
  0.937500000000000       3.224461325603292E-009
  0.938476562500000      -0.941544060942233     
  0.939453125000000      -0.634393277327887     
  0.940429687500000       0.514102747649359     
  0.941406250000000       0.980785285213092     
  0.942382812500000       0.146730482529655     
  0.943359375000000      -0.881921257980263     
  0.944335937500000      -0.740951120381643     
  0.945312500000000       0.382683441955071     
  0.946289062500000       0.998795461676930     
  0.947265625000000       0.290284679695272     
  0.948242187500000      -0.803207525638076     
  0.949218750000000      -0.831469609198248     
  0.950195312500000       0.242980188586848     
  0.951171875000000       0.995184729952559     
  0.952148437500000       0.427555094382736     
  0.953125000000000      -0.707106780848747     
  0.954101562500000      -0.903989289742597     
  0.955078125000000       9.801714512686557E-002
  0.956054687500000       0.970031255555639     
  0.957031250000000       0.555570240815449     
  0.958007812500000      -0.595699298034991     
  0.958984375000000      -0.956940333232689     
  0.959960937500000      -4.906767057460733E-002
  0.960937500000000       0.923879535277710     
  0.961914062500000       0.671558963375189     
  0.962890625000000      -0.471396735978503     
  0.963867187500000      -0.989176500181710     
  0.964843750000000      -0.195090319114760     
  0.965820312500000       0.857728614299620     
  0.966796875000000       0.773010455554355     
  0.967773437500000      -0.336889846761794     
  0.968750000000000      -0.999999992008013     
  0.969726562500000      -0.336889846600054     
  0.970703125000000       0.773010458190692     
  0.971679687500000       0.857728619332562     
  0.972656250000000      -0.195090314248672     
  0.973632812500000      -0.989176504969322     
  0.974609375000000      -0.471396730762603     
  0.975585937500000       0.671558959845457     
  0.976562500000000       0.923879534723782     
  0.977539062500000      -4.906766955155699E-002
  0.978515625000000      -0.956940334310454     
  0.979492187500000      -0.595699296262248     
  0.980468750000000       0.555570240190889     
  0.981445312500000       0.970031259020240     
  0.982421875000000       9.801714562840488E-002
  0.983398437500000      -0.903989288469127     
  0.984375000000000      -0.707106774856178     
  0.985351562500000       0.427555098884740     
  0.986328125000000       0.995184732992115     
  0.987304687500000       0.242980183904288     
  0.988281250000000      -0.831469611939467     
  0.989257812500000      -0.803207529241197     
  0.990234375000000       0.290284682286268     
  0.991210937500000       0.998795460131584     
  0.992187500000000       0.382683433209201     
  0.993164062500000      -0.740951118172065     
  0.994140625000000      -0.881921262016240     
  0.995117187500000       0.146730475877955     
  0.996093750000000       0.980785286787314     
  0.997070312500000       0.514102745095623     
  0.998046875000000      -0.634393280597221     
  0.999023437500000      -0.941544055648762     
   1.00000000000000       6.435660757030452E-009
